1:[0.0, 0.1875, 0.375, 0.1875, 0.25]
2:[0.125, 0.0, 0.375, 0.1875, 0.3125]
3:[0.2, 0.0, 0.05, 0.4, 0.35]
4:[0.3333333333333333, 0.16666666666666666, 0.0, 0.5, 0.0]
5:[0.3333333333333333, 0.16666666666666666, 0.0, 0.5, 0.0]
6:[0.4, 0.0, 0.0, 0.6, 0.0]
7:[0.4, 0.0, 0.0, 0.6, 0.0]
8:[0.4, 0.0, 0.0, 0.6, 0.0]
9:[0.5, 0.0, 0.0, 0.5, 0.0]
10:[0.4, 0.0, 0.0, 0.6, 0.0]
11:[0.4444444444444444, 0.0, 0.0, 0.16666666666666666, 0.3888888888888889]
12:[0.4444444444444444, 0.0, 0.0, 0.16666666666666666, 0.3888888888888889]
13:[0.4444444444444444, 0.0, 0.0, 0.16666666666666666, 0.3888888888888889]
14:[0.4444444444444444, 0.0, 0.0, 0.16666666666666666, 0.3888888888888889]
15:[0.47058823529411764, 0.0, 0.0, 0.17647058823529413, 0.35294117647058826]
16:[0.47058823529411764, 0.0, 0.0, 0.17647058823529413, 0.35294117647058826]
17:[0.47058823529411764, 0.0, 0.0, 0.17647058823529413, 0.35294117647058826]
18:[0.6666666666666666, 0.0, 0.0, 0.25, 0.08333333333333333]
19:[0.6666666666666666, 0.0, 0.0, 0.25, 0.08333333333333333]
20:[0.6666666666666666, 0.0, 0.0, 0.25, 0.08333333333333333]
21:[0.6666666666666666, 0.0, 0.0, 0.25, 0.08333333333333333]
22:[0.7272727272727273, 0.0, 0.0, 0.2727272727272727, 0.0]
23:[0.34782608695652173, 0.2608695652173913, 0.0, 0.391304347826087, 0.0]
24:[0.34782608695652173, 0.2608695652173913, 0.0, 0.391304347826087, 0.0]
25:[0.47058823529411764, 0.35294117647058826, 0.0, 0.17647058823529413, 0.0]
26:[0.5, 0.3125, 0.0, 0.1875, 0.0]
27:[0.38461538461538464, 0.38461538461538464, 0.0, 0.23076923076923078, 0.0]
28:[0.38461538461538464, 0.38461538461538464, 0.0, 0.23076923076923078, 0.0]
29:[0.38461538461538464, 0.38461538461538464, 0.0, 0.23076923076923078, 0.0]
30:[0.45454545454545453, 0.45454545454545453, 0.0, 0.09090909090909091, 0.0]
31:[0.45454545454545453, 0.45454545454545453, 0.0, 0.09090909090909091, 0.0]
32:[0.0, 0.8333333333333334, 0.0, 0.16666666666666666, 0.0]
33:[0.0, 0.8333333333333334, 0.0, 0.16666666666666666, 0.0]
34:[0.0, 0.8333333333333334, 0.0, 0.16666666666666666, 0.0]
35:[0.0, 0.8333333333333334, 0.0, 0.16666666666666666, 0.0]
36:[0.0, 0.8333333333333334, 0.0, 0.16666666666666666, 0.0]
37:[0.0, 0.8333333333333334, 0.0, 0.16666666666666666, 0.0]
38:[0.0, 0.8333333333333334, 0.0, 0.16666666666666666, 0.0]
39:[0.0, 0.8333333333333334, 0.0, 0.16666666666666666, 0.0]
40:[0.0, 0.8333333333333334, 0.0, 0.16666666666666666, 0.0]
41:[0.07692307692307693, 0.38461538461538464, 0.46153846153846156, 0.07692307692307693, 0.0]
42:[0.08333333333333333, 0.4166666666666667, 0.4166666666666667, 0.08333333333333333, 0.0]
43:[0.14285714285714285, 0.0, 0.8571428571428571, 0.0, 0.0]
44:[0.16666666666666666, 0.8333333333333334, 0.0, 0.0, 0.0]
45:[0.16666666666666666, 0.8333333333333334, 0.0, 0.0, 0.0]
46:[0.16666666666666666, 0.0, 0.8333333333333334, 0.0, 0.0]
47:[0.5, 0.0, 0.5, 0.0, 0.0]
48:[0.23076923076923078, 0.38461538461538464, 0.38461538461538464, 0.0, 0.0]
49:[0.375, 0.0, 0.625, 0.0, 0.0]
50:[0.125, 0.0, 0.625, 0.25, 0.0]
51:[0.3, 0.0, 0.5, 0.0, 0.2]
52:[0.3, 0.0, 0.5, 0.0, 0.2]
53:[0.375, 0.0, 0.625, 0.0, 0.0]
54:[0.375, 0.0, 0.625, 0.0, 0.0]
55:[0.375, 0.0, 0.625, 0.0, 0.0]
56:[0.375, 0.0, 0.625, 0.0, 0.0]
57:[0.375, 0.0, 0.625, 0.0, 0.0]
58:[0.375, 0.0, 0.625, 0.0, 0.0]
59:[0.375, 0.0, 0.625, 0.0, 0.0]
60:[0.375, 0.0, 0.625, 0.0, 0.0]
61:[0.375, 0.0, 0.625, 0.0, 0.0]
62:[0.375, 0.0, 0.625, 0.0, 0.0]
63:[0.375, 0.0, 0.625, 0.0, 0.0]
64:[0.375, 0.0, 0.625, 0.0, 0.0]
65:[0.375, 0.0, 0.625, 0.0, 0.0]
66:[0.375, 0.0, 0.625, 0.0, 0.0]
67:[0.375, 0.0, 0.625, 0.0, 0.0]
68:[0.5333333333333333, 0.13333333333333333, 0.3333333333333333, 0.0, 0.0]
69:[0.42105263157894735, 0.15789473684210525, 0.42105263157894735, 0.0, 0.0]
70:[0.42105263157894735, 0.15789473684210525, 0.42105263157894735, 0.0, 0.0]
71:[0.5, 0.1875, 0.3125, 0.0, 0.0]
72:[0.5, 0.1875, 0.3125, 0.0, 0.0]
73:[0.5, 0.1875, 0.3125, 0.0, 0.0]
74:[0.7272727272727273, 0.2727272727272727, 0.0, 0.0, 0.0]
75:[0.7272727272727273, 0.2727272727272727, 0.0, 0.0, 0.0]
76:[0.6666666666666666, 0.3333333333333333, 0.0, 0.0, 0.0]
77:[0.7272727272727273, 0.2727272727272727, 0.0, 0.0, 0.0]
78:[0.7272727272727273, 0.2727272727272727, 0.0, 0.0, 0.0]
79:[0.7272727272727273, 0.2727272727272727, 0.0, 0.0, 0.0]
80:[0.7272727272727273, 0.2727272727272727, 0.0, 0.0, 0.0]
81:[0.7272727272727273, 0.2727272727272727, 0.0, 0.0, 0.0]
82:[0.7272727272727273, 0.2727272727272727, 0.0, 0.0, 0.0]
83:[0.5882352941176471, 0.17647058823529413, 0.11764705882352941, 0.11764705882352941, 0.0]
84:[0.6666666666666666, 0.25, 0.0, 0.0, 0.08333333333333333]
85:[0.7272727272727273, 0.2727272727272727, 0.0, 0.0, 0.0]
86:[0.42857142857142855, 0.42857142857142855, 0.0, 0.0, 0.14285714285714285]
87:[0.42857142857142855, 0.42857142857142855, 0.0, 0.0, 0.14285714285714285]
88:[0.0, 0.75, 0.0, 0.0, 0.25]
89:[0.0, 0.75, 0.0, 0.0, 0.25]
90:[0.0, 0.8888888888888888, 0.0, 0.0, 0.1111111111111111]
91:[0.1, 0.8, 0.0, 0.0, 0.1]
92:[0.2, 0.6, 0.0, 0.0, 0.2]
93:[0.5, 0.0, 0.0, 0.0, 0.5]
94:[0.5, 0.0, 0.0, 0.0, 0.5]
95:[0.8571428571428571, 0.0, 0.0, 0.0, 0.14285714285714285]
96:[0.8571428571428571, 0.0, 0.0, 0.0, 0.14285714285714285]
97:[0.9, 0.0, 0.0, 0.0, 0.1]
98:[0.9, 0.0, 0.0, 0.0, 0.1]
99:[0.9, 0.0, 0.0, 0.0, 0.1]
100:[0.9, 0.0, 0.0, 0.0, 0.1]
