1:[0.030303030303030304, 0.09090909090909091, 0.030303030303030304, 0.06060606060606061, 0.06060606060606061, 0.030303030303030304, 0.030303030303030304, 0.06060606060606061, 0.015151515151515152, 0.09090909090909091, 0.015151515151515152, 0.06060606060606061, 0.0, 0.030303030303030304, 0.045454545454545456, 0.15151515151515152, 0.06060606060606061, 0.030303030303030304, 0.045454545454545456, 0.06060606060606061]
2:[0.03488372093023256, 0.03488372093023256, 0.06976744186046512, 0.06976744186046512, 0.046511627906976744, 0.05813953488372093, 0.08139534883720931, 0.0, 0.023255813953488372, 0.11627906976744186, 0.046511627906976744, 0.11627906976744186, 0.05813953488372093, 0.046511627906976744, 0.0, 0.08139534883720931, 0.011627906976744186, 0.046511627906976744, 0.046511627906976744, 0.011627906976744186]
3:[0.03571428571428571, 0.023809523809523808, 0.011904761904761904, 0.09523809523809523, 0.10714285714285714, 0.05952380952380952, 0.08333333333333333, 0.0, 0.023809523809523808, 0.11904761904761904, 0.011904761904761904, 0.11904761904761904, 0.05952380952380952, 0.047619047619047616, 0.0, 0.08333333333333333, 0.011904761904761904, 0.047619047619047616, 0.047619047619047616, 0.011904761904761904]
4:[0.0379746835443038, 0.0379746835443038, 0.012658227848101266, 0.10126582278481013, 0.11392405063291139, 0.05063291139240506, 0.08860759493670886, 0.0, 0.02531645569620253, 0.12658227848101267, 0.012658227848101266, 0.06329113924050633, 0.06329113924050633, 0.05063291139240506, 0.0, 0.08860759493670886, 0.012658227848101266, 0.05063291139240506, 0.05063291139240506, 0.012658227848101266]
5:[0.041666666666666664, 0.027777777777777776, 0.013888888888888888, 0.1111111111111111, 0.05555555555555555, 0.06944444444444445, 0.09722222222222222, 0.0, 0.027777777777777776, 0.09722222222222222, 0.013888888888888888, 0.1388888888888889, 0.027777777777777776, 0.05555555555555555, 0.0, 0.09722222222222222, 0.013888888888888888, 0.041666666666666664, 0.05555555555555555, 0.013888888888888888]
6:[0.04477611940298507, 0.029850746268656716, 0.014925373134328358, 0.04477611940298507, 0.05970149253731343, 0.029850746268656716, 0.1044776119402985, 0.0, 0.014925373134328358, 0.14925373134328357, 0.014925373134328358, 0.14925373134328357, 0.029850746268656716, 0.05970149253731343, 0.0, 0.1044776119402985, 0.014925373134328358, 0.05970149253731343, 0.05970149253731343, 0.014925373134328358]
7:[0.04838709677419355, 0.03225806451612903, 0.016129032258064516, 0.12903225806451613, 0.06451612903225806, 0.08064516129032258, 0.03225806451612903, 0.0, 0.03225806451612903, 0.11290322580645161, 0.016129032258064516, 0.08064516129032258, 0.03225806451612903, 0.06451612903225806, 0.0, 0.11290322580645161, 0.016129032258064516, 0.04838709677419355, 0.06451612903225806, 0.016129032258064516]
8:[0.05660377358490566, 0.03773584905660377, 0.018867924528301886, 0.05660377358490566, 0.07547169811320754, 0.03773584905660377, 0.018867924528301886, 0.0, 0.03773584905660377, 0.1320754716981132, 0.018867924528301886, 0.09433962264150944, 0.03773584905660377, 0.07547169811320754, 0.0, 0.1320754716981132, 0.018867924528301886, 0.05660377358490566, 0.07547169811320754, 0.018867924528301886]
9:[0.06, 0.04, 0.02, 0.06, 0.08, 0.02, 0.04, 0.02, 0.02, 0.16, 0.02, 0.2, 0.04, 0.08, 0.0, 0.04, 0.0, 0.02, 0.08, 0.0]
10:[0.06521739130434782, 0.043478260869565216, 0.021739130434782608, 0.06521739130434782, 0.021739130434782608, 0.021739130434782608, 0.043478260869565216, 0.021739130434782608, 0.021739130434782608, 0.06521739130434782, 0.021739130434782608, 0.10869565217391304, 0.043478260869565216, 0.08695652173913043, 0.0, 0.15217391304347827, 0.021739130434782608, 0.06521739130434782, 0.08695652173913043, 0.021739130434782608]
11:[0.09090909090909091, 0.06060606060606061, 0.030303030303030304, 0.09090909090909091, 0.030303030303030304, 0.030303030303030304, 0.030303030303030304, 0.030303030303030304, 0.030303030303030304, 0.09090909090909091, 0.030303030303030304, 0.06060606060606061, 0.06060606060606061, 0.12121212121212122, 0.0, 0.06060606060606061, 0.0, 0.030303030303030304, 0.12121212121212122, 0.0]
12:[0.09375, 0.0625, 0.03125, 0.09375, 0.03125, 0.03125, 0.03125, 0.03125, 0.03125, 0.09375, 0.03125, 0.03125, 0.0625, 0.125, 0.0, 0.0625, 0.0, 0.03125, 0.125, 0.0]
13:[0.1, 0.06666666666666667, 0.03333333333333333, 0.0, 0.03333333333333333, 0.03333333333333333, 0.03333333333333333, 0.03333333333333333, 0.03333333333333333, 0.1, 0.03333333333333333, 0.06666666666666667, 0.06666666666666667, 0.13333333333333333, 0.0, 0.06666666666666667, 0.0, 0.03333333333333333, 0.13333333333333333, 0.0]
14:[0.10714285714285714, 0.07142857142857142, 0.03571428571428571, 0.0, 0.03571428571428571, 0.03571428571428571, 0.0, 0.03571428571428571, 0.03571428571428571, 0.10714285714285714, 0.03571428571428571, 0.03571428571428571, 0.07142857142857142, 0.14285714285714285, 0.0, 0.07142857142857142, 0.0, 0.03571428571428571, 0.14285714285714285, 0.0]
15:[0.12, 0.08, 0.04, 0.0, 0.04, 0.04, 0.04, 0.04, 0.04, 0.12, 0.0, 0.08, 0.08, 0.04, 0.0, 0.08, 0.0, 0.04, 0.12, 0.0]
16:[0.125, 0.08333333333333333, 0.041666666666666664, 0.0, 0.041666666666666664, 0.041666666666666664, 0.041666666666666664, 0.041666666666666664, 0.041666666666666664, 0.125, 0.0, 0.08333333333333333, 0.08333333333333333, 0.041666666666666664, 0.0, 0.08333333333333333, 0.0, 0.041666666666666664, 0.08333333333333333, 0.0]
17:[0.14285714285714285, 0.09523809523809523, 0.0, 0.0, 0.047619047619047616, 0.047619047619047616, 0.0, 0.047619047619047616, 0.047619047619047616, 0.14285714285714285, 0.047619047619047616, 0.047619047619047616, 0.09523809523809523, 0.047619047619047616, 0.0, 0.047619047619047616, 0.0, 0.047619047619047616, 0.09523809523809523, 0.0]
18:[0.15, 0.1, 0.0, 0.0, 0.05, 0.05, 0.0, 0.05, 0.05, 0.15, 0.05, 0.05, 0.1, 0.05, 0.0, 0.05, 0.0, 0.0, 0.1, 0.0]
19:[0.1875, 0.125, 0.0, 0.0, 0.0625, 0.0625, 0.0, 0.0625, 0.0, 0.1875, 0.0625, 0.0625, 0.125, 0.0, 0.0, 0.0625, 0.0, 0.0, 0.0, 0.0]
20:[0.1875, 0.125, 0.0, 0.0, 0.0625, 0.0625, 0.0, 0.0625, 0.0, 0.1875, 0.0625, 0.0625, 0.125, 0.0, 0.0, 0.0625, 0.0, 0.0, 0.0, 0.0]
21:[0.2, 0.13333333333333333, 0.0, 0.0, 0.06666666666666667, 0.06666666666666667, 0.0, 0.06666666666666667, 0.0, 0.2, 0.06666666666666667, 0.06666666666666667, 0.13333333333333333, 0.0, 0.0, 0.0, 0.0, 0.0, 0.0, 0.0]
22:[0.23076923076923078, 0.15384615384615385, 0.0, 0.0, 0.07692307692307693, 0.07692307692307693, 0.0, 0.07692307692307693, 0.0, 0.0, 0.07692307692307693, 0.0, 0.15384615384615385, 0.07692307692307693, 0.0, 0.07692307692307693, 0.0, 0.0, 0.0, 0.0]
23:[0.25, 0.16666666666666666, 0.0, 0.0, 0.08333333333333333, 0.0, 0.0, 0.08333333333333333, 0.0, 0.0, 0.08333333333333333, 0.0, 0.16666666666666666, 0.08333333333333333, 0.0, 0.08333333333333333, 0.0, 0.0, 0.0, 0.0]
24:[0.3, 0.2, 0.0, 0.0, 0.0, 0.0, 0.0, 0.1, 0.0, 0.0, 0.1, 0.0, 0.1, 0.1, 0.0, 0.1, 0.0, 0.0, 0.0, 0.0]
25:[0.3, 0.0, 0.0, 0.0, 0.0, 0.1, 0.0, 0.1, 0.0, 0.0, 0.1, 0.0, 0.2, 0.1, 0.0, 0.1, 0.0, 0.0, 0.0, 0.0]
26:[0.0, 0.25, 0.0, 0.0, 0.0, 0.0, 0.0, 0.125, 0.0, 0.0, 0.125, 0.0, 0.25, 0.0, 0.0, 0.125, 0.0, 0.0, 0.125, 0.0]
27:[0.125, 0.0, 0.0, 0.0, 0.0, 0.125, 0.0, 0.125, 0.0, 0.0, 0.125, 0.0, 0.25, 0.0, 0.0, 0.125, 0.0, 0.0, 0.125, 0.0]
28:[0.14285714285714285, 0.0, 0.0, 0.0, 0.0, 0.14285714285714285, 0.0, 0.0, 0.0, 0.0, 0.14285714285714285, 0.0, 0.14285714285714285, 0.14285714285714285, 0.0, 0.14285714285714285, 0.0, 0.0, 0.14285714285714285, 0.0]
29:[0.14285714285714285, 0.0, 0.0, 0.0, 0.0, 0.14285714285714285, 0.0, 0.0, 0.0, 0.0, 0.14285714285714285, 0.0, 0.14285714285714285, 0.14285714285714285, 0.0, 0.14285714285714285, 0.0, 0.0, 0.14285714285714285, 0.0]
30:[0.2, 0.0, 0.0, 0.0, 0.0, 0.0, 0.0, 0.0, 0.0, 0.0, 0.2, 0.0, 0.2, 0.0, 0.0, 0.2, 0.0, 0.0, 0.2, 0.0]
31:[0.2, 0.0, 0.0, 0.0, 0.0, 0.0, 0.0, 0.2, 0.0, 0.0, 0.2, 0.0, 0.2, 0.0, 0.0, 0.2, 0.0, 0.0, 0.0, 0.0]
32:[0.25, 0.0, 0.0, 0.0, 0.0, 0.0, 0.0, 0.0, 0.0, 0.0, 0.25, 0.0, 0.25, 0.0, 0.0, 0.25, 0.0, 0.0, 0.0, 0.0]
33:[0.0, 0.0, 0.0, 0.0, 0.0, 0.0, 0.0, 0.0, 0.0, 0.0, 0.3333333333333333, 0.0, 0.3333333333333333, 0.0, 0.0, 0.3333333333333333, 0.0, 0.0, 0.0, 0.0]
34:[0.0, 0.0, 0.0, 0.0, 0.0, 0.0, 0.0, 0.0, 0.0, 0.0, 0.3333333333333333, 0.0, 0.3333333333333333, 0.0, 0.0, 0.3333333333333333, 0.0, 0.0, 0.0, 0.0]
35:[0.0, 0.0, 0.0, 0.0, 0.0, 0.0, 0.0, 0.0, 0.0, 0.0, 0.3333333333333333, 0.0, 0.3333333333333333, 0.0, 0.0, 0.3333333333333333, 0.0, 0.0, 0.0, 0.0]
36:[0.0, 0.0, 0.0, 0.0, 0.0, 0.0, 0.0, 0.0, 0.0, 0.0, 0.5, 0.0, 0.5, 0.0, 0.0, 0.0, 0.0, 0.0, 0.0, 0.0]
37:[0.0, 0.0, 0.0, 0.0, 0.05, 0.0, 0.25, 0.0, 0.15, 0.0, 0.05, 0.25, 0.05, 0.0, 0.0, 0.2, 0.0, 0.0, 0.0, 0.0]
38:[0.25, 0.0, 0.08333333333333333, 0.0, 0.0, 0.0, 0.0, 0.0, 0.0, 0.16666666666666666, 0.08333333333333333, 0.0, 0.08333333333333333, 0.0, 0.0, 0.3333333333333333, 0.0, 0.0, 0.0, 0.0]
39:[0.0, 0.0, 0.0, 0.0, 0.07142857142857142, 0.0, 0.35714285714285715, 0.0, 0.0, 0.0, 0.07142857142857142, 0.0, 0.14285714285714285, 0.07142857142857142, 0.0, 0.2857142857142857, 0.0, 0.0, 0.0, 0.0]
40:[0.0, 0.0, 0.1, 0.0, 0.0, 0.0, 0.0, 0.0, 0.0, 0.2, 0.1, 0.0, 0.1, 0.1, 0.0, 0.4, 0.0, 0.0, 0.0, 0.0]
41:[0.0, 0.0, 0.125, 0.125, 0.0, 0.0, 0.0, 0.0, 0.0, 0.25, 0.125, 0.0, 0.25, 0.0, 0.0, 0.125, 0.0, 0.0, 0.0, 0.0]
42:[0.0, 0.0, 0.14285714285714285, 0.0, 0.0, 0.0, 0.0, 0.0, 0.0, 0.2857142857142857, 0.14285714285714285, 0.0, 0.14285714285714285, 0.14285714285714285, 0.0, 0.14285714285714285, 0.0, 0.0, 0.0, 0.0]
43:[0.0, 0.0, 0.14285714285714285, 0.0, 0.0, 0.0, 0.0, 0.0, 0.0, 0.2857142857142857, 0.14285714285714285, 0.0, 0.2857142857142857, 0.0, 0.0, 0.14285714285714285, 0.0, 0.0, 0.0, 0.0]
44:[0.0, 0.0, 0.14285714285714285, 0.0, 0.0, 0.0, 0.0, 0.0, 0.0, 0.2857142857142857, 0.14285714285714285, 0.0, 0.2857142857142857, 0.0, 0.0, 0.14285714285714285, 0.0, 0.0, 0.0, 0.0]
45:[0.0, 0.0, 0.16666666666666666, 0.0, 0.0, 0.0, 0.0, 0.0, 0.0, 0.3333333333333333, 0.0, 0.0, 0.3333333333333333, 0.0, 0.0, 0.16666666666666666, 0.0, 0.0, 0.0, 0.0]
46:[0.0, 0.0, 0.0, 0.0, 0.0, 0.0, 0.2, 0.0, 0.0, 0.4, 0.2, 0.0, 0.0, 0.0, 0.0, 0.2, 0.0, 0.0, 0.0, 0.0]
47:[0.0, 0.0, 0.0, 0.0, 0.0, 0.0, 0.2, 0.0, 0.0, 0.4, 0.2, 0.0, 0.0, 0.0, 0.0, 0.2, 0.0, 0.0, 0.0, 0.0]
48:[0.0, 0.0, 0.0, 0.0, 0.0, 0.25, 0.25, 0.0, 0.0, 0.0, 0.25, 0.0, 0.0, 0.0, 0.0, 0.25, 0.0, 0.0, 0.0, 0.0]
49:[0.0, 0.0, 0.0, 0.0, 0.0, 0.0, 0.3333333333333333, 0.0, 0.0, 0.0, 0.3333333333333333, 0.0, 0.0, 0.0, 0.0, 0.3333333333333333, 0.0, 0.0, 0.0, 0.0]
50:[0.0, 0.0, 0.0, 0.0, 0.0, 0.0, 0.3333333333333333, 0.0, 0.0, 0.0, 0.3333333333333333, 0.0, 0.0, 0.0, 0.0, 0.3333333333333333, 0.0, 0.0, 0.0, 0.0]
51:[0.0, 0.0, 0.0, 0.0, 0.0, 0.0, 0.3333333333333333, 0.0, 0.0, 0.0, 0.3333333333333333, 0.0, 0.0, 0.0, 0.0, 0.3333333333333333, 0.0, 0.0, 0.0, 0.0]
52:[0.0, 0.0, 0.0, 0.0, 0.0, 0.0, 0.3333333333333333, 0.0, 0.0, 0.0, 0.3333333333333333, 0.0, 0.0, 0.0, 0.0, 0.3333333333333333, 0.0, 0.0, 0.0, 0.0]
53:[0.0, 0.0, 0.0, 0.07142857142857142, 0.0, 0.0, 0.07142857142857142, 0.21428571428571427, 0.0, 0.0, 0.07142857142857142, 0.0, 0.35714285714285715, 0.0, 0.07142857142857142, 0.07142857142857142, 0.0, 0.0, 0.0, 0.07142857142857142]
54:[0.0, 0.0, 0.0, 0.07142857142857142, 0.0, 0.0, 0.07142857142857142, 0.21428571428571427, 0.0, 0.0, 0.07142857142857142, 0.0, 0.35714285714285715, 0.0, 0.07142857142857142, 0.07142857142857142, 0.0, 0.0, 0.0, 0.07142857142857142]
55:[0.0, 0.0, 0.0, 0.07692307692307693, 0.0, 0.0, 0.07692307692307693, 0.23076923076923078, 0.0, 0.0, 0.07692307692307693, 0.0, 0.38461538461538464, 0.0, 0.07692307692307693, 0.07692307692307693, 0.0, 0.0, 0.0, 0.0]
56:[0.0, 0.0, 0.0, 0.08333333333333333, 0.0, 0.0, 0.0, 0.25, 0.0, 0.0, 0.08333333333333333, 0.0, 0.4166666666666667, 0.0, 0.08333333333333333, 0.08333333333333333, 0.0, 0.0, 0.0, 0.0]
57:[0.0, 0.0, 0.0, 0.1, 0.0, 0.0, 0.0, 0.3, 0.0, 0.0, 0.0, 0.0, 0.5, 0.0, 0.0, 0.1, 0.0, 0.0, 0.0, 0.0]
58:[0.0, 0.0, 0.0, 0.1, 0.0, 0.0, 0.0, 0.3, 0.0, 0.0, 0.0, 0.0, 0.5, 0.0, 0.0, 0.1, 0.0, 0.0, 0.0, 0.0]
59:[0.0, 0.0, 0.0, 0.1, 0.0, 0.0, 0.0, 0.3, 0.0, 0.0, 0.0, 0.0, 0.5, 0.0, 0.0, 0.1, 0.0, 0.0, 0.0, 0.0]
60:[0.0, 0.0, 0.0, 0.125, 0.0, 0.0, 0.0, 0.0, 0.0, 0.0, 0.0, 0.0, 0.625, 0.125, 0.0, 0.125, 0.0, 0.0, 0.0, 0.0]
61:[0.0, 0.0, 0.0, 0.14285714285714285, 0.0, 0.0, 0.0, 0.0, 0.0, 0.0, 0.0, 0.0, 0.7142857142857143, 0.0, 0.0, 0.14285714285714285, 0.0, 0.0, 0.0, 0.0]
62:[0.0, 0.0, 0.10526315789473684, 0.05263157894736842, 0.0, 0.0, 0.0, 0.15789473684210525, 0.0, 0.0, 0.0, 0.0, 0.2631578947368421, 0.0, 0.0, 0.3684210526315789, 0.0, 0.0, 0.0, 0.05263157894736842]
63:[0.0, 0.0, 0.16666666666666666, 0.08333333333333333, 0.0, 0.0, 0.0, 0.25, 0.0, 0.0, 0.0, 0.0, 0.4166666666666667, 0.0, 0.0, 0.08333333333333333, 0.0, 0.0, 0.0, 0.0]
64:[0.0, 0.0, 0.18181818181818182, 0.09090909090909091, 0.0, 0.0, 0.0, 0.0, 0.0, 0.0, 0.09090909090909091, 0.0, 0.45454545454545453, 0.0, 0.0, 0.09090909090909091, 0.0, 0.0, 0.0, 0.09090909090909091]
65:[0.0, 0.0, 0.13333333333333333, 0.2, 0.0, 0.06666666666666667, 0.06666666666666667, 0.0, 0.06666666666666667, 0.0, 0.0, 0.0, 0.3333333333333333, 0.06666666666666667, 0.0, 0.06666666666666667, 0.0, 0.0, 0.0, 0.0]
66:[0.0, 0.0, 0.18181818181818182, 0.09090909090909091, 0.0, 0.0, 0.0, 0.0, 0.09090909090909091, 0.0, 0.0, 0.0, 0.45454545454545453, 0.09090909090909091, 0.0, 0.09090909090909091, 0.0, 0.0, 0.0, 0.0]
67:[0.0, 0.0, 0.2, 0.1, 0.0, 0.0, 0.0, 0.0, 0.0, 0.0, 0.0, 0.0, 0.5, 0.1, 0.0, 0.1, 0.0, 0.0, 0.0, 0.0]
68:[0.0, 0.0, 0.2222222222222222, 0.1111111111111111, 0.0, 0.0, 0.0, 0.0, 0.0, 0.0, 0.0, 0.0, 0.5555555555555556, 0.0, 0.0, 0.1111111111111111, 0.0, 0.0, 0.0, 0.0]
69:[0.0, 0.0, 0.2222222222222222, 0.1111111111111111, 0.0, 0.0, 0.0, 0.0, 0.0, 0.0, 0.0, 0.0, 0.5555555555555556, 0.0, 0.0, 0.1111111111111111, 0.0, 0.0, 0.0, 0.0]
70:[0.0, 0.0, 0.11764705882352941, 0.29411764705882354, 0.0, 0.0, 0.0, 0.0, 0.0, 0.0, 0.0, 0.0, 0.35294117647058826, 0.058823529411764705, 0.058823529411764705, 0.11764705882352941, 0.0, 0.0, 0.0, 0.0]
71:[0.0, 0.0, 0.14285714285714285, 0.07142857142857142, 0.0, 0.0, 0.0, 0.0, 0.07142857142857142, 0.0, 0.0, 0.0, 0.42857142857142855, 0.07142857142857142, 0.07142857142857142, 0.14285714285714285, 0.0, 0.0, 0.0, 0.0]
72:[0.0, 0.0, 0.14285714285714285, 0.07142857142857142, 0.0, 0.0, 0.0, 0.0, 0.07142857142857142, 0.0, 0.0, 0.0, 0.42857142857142855, 0.07142857142857142, 0.07142857142857142, 0.14285714285714285, 0.0, 0.0, 0.0, 0.0]
73:[0.0, 0.0, 0.25, 0.125, 0.0, 0.0, 0.0, 0.0, 0.125, 0.0, 0.0, 0.0, 0.0, 0.125, 0.125, 0.25, 0.0, 0.0, 0.0, 0.0]
74:[0.0, 0.0, 0.25, 0.125, 0.0, 0.0, 0.0, 0.0, 0.125, 0.0, 0.0, 0.0, 0.0, 0.125, 0.125, 0.25, 0.0, 0.0, 0.0, 0.0]
75:[0.0, 0.0, 0.25, 0.125, 0.0, 0.0, 0.0, 0.0, 0.125, 0.0, 0.0, 0.0, 0.0, 0.125, 0.125, 0.25, 0.0, 0.0, 0.0, 0.0]
76:[0.0, 0.0, 0.3333333333333333, 0.16666666666666666, 0.0, 0.0, 0.0, 0.0, 0.16666666666666666, 0.0, 0.0, 0.0, 0.0, 0.16666666666666666, 0.16666666666666666, 0.0, 0.0, 0.0, 0.0, 0.0]
77:[0.0, 0.0, 0.3333333333333333, 0.16666666666666666, 0.0, 0.0, 0.0, 0.0, 0.16666666666666666, 0.0, 0.0, 0.0, 0.0, 0.16666666666666666, 0.16666666666666666, 0.0, 0.0, 0.0, 0.0, 0.0]
78:[0.0, 0.0, 0.09523809523809523, 0.2857142857142857, 0.0, 0.0, 0.0, 0.0, 0.19047619047619047, 0.2857142857142857, 0.0, 0.0, 0.0, 0.047619047619047616, 0.047619047619047616, 0.0, 0.047619047619047616, 0.0, 0.0, 0.0]
79:[0.0, 0.0, 0.3333333333333333, 0.16666666666666666, 0.0, 0.0, 0.0, 0.0, 0.16666666666666666, 0.0, 0.0, 0.0, 0.0, 0.16666666666666666, 0.16666666666666666, 0.0, 0.0, 0.0, 0.0, 0.0]
80:[0.0, 0.0, 0.3333333333333333, 0.16666666666666666, 0.0, 0.0, 0.0, 0.0, 0.16666666666666666, 0.0, 0.0, 0.0, 0.0, 0.16666666666666666, 0.16666666666666666, 0.0, 0.0, 0.0, 0.0, 0.0]
81:[0.0, 0.0, 0.3333333333333333, 0.16666666666666666, 0.0, 0.0, 0.0, 0.0, 0.16666666666666666, 0.0, 0.0, 0.0, 0.0, 0.16666666666666666, 0.16666666666666666, 0.0, 0.0, 0.0, 0.0, 0.0]
82:[0.0, 0.0, 0.3333333333333333, 0.16666666666666666, 0.0, 0.0, 0.0, 0.0, 0.16666666666666666, 0.0, 0.0, 0.0, 0.0, 0.16666666666666666, 0.16666666666666666, 0.0, 0.0, 0.0, 0.0, 0.0]
83:[0.0, 0.0, 0.3333333333333333, 0.16666666666666666, 0.0, 0.0, 0.0, 0.0, 0.16666666666666666, 0.0, 0.0, 0.0, 0.0, 0.16666666666666666, 0.16666666666666666, 0.0, 0.0, 0.0, 0.0, 0.0]
84:[0.0, 0.0, 0.4, 0.0, 0.0, 0.0, 0.0, 0.0, 0.2, 0.0, 0.0, 0.0, 0.0, 0.2, 0.2, 0.0, 0.0, 0.0, 0.0, 0.0]
85:[0.0, 0.0, 0.4, 0.0, 0.0, 0.0, 0.0, 0.0, 0.2, 0.0, 0.0, 0.0, 0.0, 0.2, 0.2, 0.0, 0.0, 0.0, 0.0, 0.0]
86:[0.0, 0.0, 0.4, 0.2, 0.0, 0.0, 0.0, 0.0, 0.2, 0.0, 0.0, 0.0, 0.0, 0.2, 0.0, 0.0, 0.0, 0.0, 0.0, 0.0]
87:[0.0, 0.0, 0.5, 0.0, 0.0, 0.0, 0.0, 0.0, 0.25, 0.0, 0.0, 0.0, 0.0, 0.25, 0.0, 0.0, 0.0, 0.0, 0.0, 0.0]
88:[0.0, 0.0, 0.5, 0.0, 0.0, 0.0, 0.0, 0.0, 0.25, 0.0, 0.0, 0.0, 0.0, 0.25, 0.0, 0.0, 0.0, 0.0, 0.0, 0.0]
89:[0.0, 0.0, 0.5, 0.0, 0.0, 0.0, 0.0, 0.0, 0.25, 0.0, 0.0, 0.0, 0.0, 0.25, 0.0, 0.0, 0.0, 0.0, 0.0, 0.0]
90:[0.0, 0.0, 0.5, 0.0, 0.0, 0.0, 0.0, 0.0, 0.25, 0.0, 0.0, 0.0, 0.0, 0.25, 0.0, 0.0, 0.0, 0.0, 0.0, 0.0]
91:[0.0, 0.0, 0.5, 0.0, 0.0, 0.0, 0.0, 0.0, 0.25, 0.0, 0.0, 0.0, 0.0, 0.25, 0.0, 0.0, 0.0, 0.0, 0.0, 0.0]
92:[0.0, 0.0, 0.1111111111111111, 0.0, 0.0, 0.0, 0.0, 0.0, 0.05555555555555555, 0.0, 0.0, 0.0, 0.2777777777777778, 0.3333333333333333, 0.0, 0.05555555555555555, 0.0, 0.16666666666666666, 0.0, 0.0]
93:[0.0, 0.0, 0.09523809523809523, 0.0, 0.0, 0.0, 0.0, 0.0, 0.047619047619047616, 0.2857142857142857, 0.0, 0.0, 0.23809523809523808, 0.2857142857142857, 0.0, 0.047619047619047616, 0.0, 0.0, 0.0, 0.0]
94:[0.0, 0.0, 0.09523809523809523, 0.0, 0.0, 0.0, 0.0, 0.0, 0.047619047619047616, 0.2857142857142857, 0.0, 0.0, 0.23809523809523808, 0.2857142857142857, 0.0, 0.047619047619047616, 0.0, 0.0, 0.0, 0.0]
95:[0.0, 0.0, 0.1, 0.0, 0.0, 0.0, 0.0, 0.0, 0.05, 0.3, 0.0, 0.0, 0.25, 0.25, 0.0, 0.05, 0.0, 0.0, 0.0, 0.0]
96:[0.0, 0.0, 0.0, 0.0, 0.0, 0.0, 0.0, 0.0, 0.05263157894736842, 0.3157894736842105, 0.0, 0.0, 0.2631578947368421, 0.3157894736842105, 0.0, 0.05263157894736842, 0.0, 0.0, 0.0, 0.0]
97:[0.0, 0.0, 0.0, 0.0, 0.0, 0.0, 0.0, 0.0, 0.07692307692307693, 0.0, 0.0, 0.0, 0.38461538461538464, 0.46153846153846156, 0.0, 0.07692307692307693, 0.0, 0.0, 0.0, 0.0]
98:[0.0, 0.0, 0.0, 0.0, 0.0, 0.0, 0.0, 0.0, 0.14285714285714285, 0.0, 0.0, 0.0, 0.7142857142857143, 0.0, 0.0, 0.14285714285714285, 0.0, 0.0, 0.0, 0.0]
99:[0.0, 0.0, 0.0, 0.0, 0.0, 0.0, 0.0, 0.0, 0.14285714285714285, 0.0, 0.0, 0.0, 0.7142857142857143, 0.0, 0.0, 0.14285714285714285, 0.0, 0.0, 0.0, 0.0]
100:[0.0, 0.0, 0.0, 0.0, 0.0, 0.0, 0.0, 0.0, 0.14285714285714285, 0.0, 0.0, 0.0, 0.7142857142857143, 0.0, 0.0, 0.14285714285714285, 0.0, 0.0, 0.0, 0.0]
