1:[0.03409090909090909, 0.022727272727272728, 0.06818181818181818, 0.045454545454545456, 0.056818181818181816, 0.0, 0.09090909090909091, 0.0, 0.11363636363636363, 0.022727272727272728, 0.0, 0.056818181818181816, 0.022727272727272728, 0.011363636363636364, 0.07954545454545454, 0.09090909090909091, 0.045454545454545456, 0.09090909090909091, 0.09090909090909091, 0.056818181818181816]
2:[0.08, 0.048, 0.008, 0.032, 0.072, 0.04, 0.072, 0.048, 0.008, 0.032, 0.04, 0.08, 0.032, 0.072, 0.072, 0.08, 0.04, 0.064, 0.072, 0.008]
3:[0.10989010989010989, 0.06593406593406594, 0.01098901098901099, 0.04395604395604396, 0.0989010989010989, 0.054945054945054944, 0.08791208791208792, 0.06593406593406594, 0.0, 0.01098901098901099, 0.054945054945054944, 0.08791208791208792, 0.054945054945054944, 0.03296703296703297, 0.01098901098901099, 0.04395604395604396, 0.08791208791208792, 0.06593406593406594, 0.0, 0.01098901098901099]
4:[0.036585365853658534, 0.024390243902439025, 0.07317073170731707, 0.04878048780487805, 0.06097560975609756, 0.0, 0.0975609756097561, 0.0, 0.12195121951219512, 0.012195121951219513, 0.0, 0.0975609756097561, 0.0975609756097561, 0.036585365853658534, 0.012195121951219513, 0.04878048780487805, 0.0975609756097561, 0.07317073170731707, 0.0, 0.06097560975609756]
5:[0.03896103896103896, 0.025974025974025976, 0.07792207792207792, 0.05194805194805195, 0.06493506493506493, 0.0, 0.025974025974025976, 0.09090909090909091, 0.05194805194805195, 0.012987012987012988, 0.0, 0.1038961038961039, 0.1038961038961039, 0.03896103896103896, 0.012987012987012988, 0.05194805194805195, 0.1038961038961039, 0.07792207792207792, 0.0, 0.06493506493506493]
6:[0.043478260869565216, 0.028985507246376812, 0.08695652173913043, 0.043478260869565216, 0.07246376811594203, 0.0, 0.028985507246376812, 0.10144927536231885, 0.057971014492753624, 0.014492753623188406, 0.0, 0.11594202898550725, 0.11594202898550725, 0.043478260869565216, 0.014492753623188406, 0.057971014492753624, 0.11594202898550725, 0.0, 0.0, 0.057971014492753624]
7:[0.04477611940298507, 0.029850746268656716, 0.08955223880597014, 0.04477611940298507, 0.07462686567164178, 0.0, 0.04477611940298507, 0.1044776119402985, 0.05970149253731343, 0.014925373134328358, 0.0, 0.11940298507462686, 0.07462686567164178, 0.04477611940298507, 0.014925373134328358, 0.05970149253731343, 0.11940298507462686, 0.0, 0.0, 0.05970149253731343]
8:[0.05, 0.03333333333333333, 0.1, 0.06666666666666667, 0.08333333333333333, 0.0, 0.0, 0.11666666666666667, 0.06666666666666667, 0.016666666666666666, 0.0, 0.05, 0.08333333333333333, 0.05, 0.0, 0.06666666666666667, 0.13333333333333333, 0.0, 0.0, 0.08333333333333333]
9:[0.05263157894736842, 0.03508771929824561, 0.10526315789473684, 0.07017543859649122, 0.08771929824561403, 0.0, 0.03508771929824561, 0.03508771929824561, 0.07017543859649122, 0.017543859649122806, 0.0, 0.05263157894736842, 0.08771929824561403, 0.05263157894736842, 0.017543859649122806, 0.07017543859649122, 0.14035087719298245, 0.0, 0.0, 0.07017543859649122]
10:[0.057692307692307696, 0.038461538461538464, 0.1346153846153846, 0.07692307692307693, 0.09615384615384616, 0.0, 0.038461538461538464, 0.038461538461538464, 0.07692307692307693, 0.019230769230769232, 0.0, 0.057692307692307696, 0.09615384615384616, 0.057692307692307696, 0.0, 0.07692307692307693, 0.057692307692307696, 0.0, 0.0, 0.07692307692307693]
11:[0.0, 0.044444444444444446, 0.13333333333333333, 0.06666666666666667, 0.1111111111111111, 0.0, 0.0, 0.044444444444444446, 0.08888888888888889, 0.022222222222222223, 0.0, 0.06666666666666667, 0.1111111111111111, 0.06666666666666667, 0.0, 0.08888888888888889, 0.06666666666666667, 0.0, 0.0, 0.08888888888888889]
12:[0.07692307692307693, 0.05128205128205128, 0.1794871794871795, 0.07692307692307693, 0.0, 0.0, 0.0, 0.0, 0.10256410256410256, 0.02564102564102564, 0.0, 0.07692307692307693, 0.1282051282051282, 0.10256410256410256, 0.0, 0.02564102564102564, 0.05128205128205128, 0.0, 0.0, 0.10256410256410256]
13:[0.0, 0.05405405405405406, 0.16216216216216217, 0.08108108108108109, 0.13513513513513514, 0.0, 0.0, 0.05405405405405406, 0.10810810810810811, 0.02702702702702703, 0.0, 0.0, 0.0, 0.08108108108108109, 0.0, 0.10810810810810811, 0.08108108108108109, 0.0, 0.0, 0.10810810810810811]
14:[0.0, 0.0625, 0.21875, 0.09375, 0.0, 0.0, 0.0, 0.0, 0.15625, 0.03125, 0.0, 0.0, 0.0, 0.09375, 0.0, 0.125, 0.09375, 0.0, 0.0, 0.125]
15:[0.0, 0.06451612903225806, 0.22580645161290322, 0.0967741935483871, 0.0, 0.0, 0.0, 0.0, 0.12903225806451613, 0.03225806451612903, 0.0, 0.0, 0.0, 0.0967741935483871, 0.0, 0.12903225806451613, 0.0967741935483871, 0.0, 0.0, 0.12903225806451613]
16:[0.0, 0.07142857142857142, 0.25, 0.10714285714285714, 0.0, 0.0, 0.0, 0.0, 0.17857142857142858, 0.03571428571428571, 0.0, 0.0, 0.0, 0.0, 0.0, 0.14285714285714285, 0.07142857142857142, 0.0, 0.0, 0.14285714285714285]
17:[0.0, 0.08695652173913043, 0.08695652173913043, 0.13043478260869565, 0.0, 0.0, 0.0, 0.0, 0.21739130434782608, 0.043478260869565216, 0.0, 0.0, 0.0, 0.0, 0.0, 0.17391304347826086, 0.08695652173913043, 0.0, 0.0, 0.17391304347826086]
18:[0.0, 0.09523809523809523, 0.09523809523809523, 0.14285714285714285, 0.0, 0.0, 0.0, 0.0, 0.23809523809523808, 0.047619047619047616, 0.0, 0.0, 0.0, 0.0, 0.0, 0.19047619047619047, 0.0, 0.0, 0.0, 0.19047619047619047]
19:[0.0, 0.09523809523809523, 0.09523809523809523, 0.14285714285714285, 0.0, 0.0, 0.0, 0.0, 0.23809523809523808, 0.047619047619047616, 0.0, 0.0, 0.0, 0.0, 0.0, 0.19047619047619047, 0.0, 0.0, 0.0, 0.19047619047619047]
20:[0.0, 0.1111111111111111, 0.1111111111111111, 0.16666666666666666, 0.0, 0.0, 0.0, 0.0, 0.16666666666666666, 0.05555555555555555, 0.0, 0.0, 0.0, 0.0, 0.0, 0.2222222222222222, 0.0, 0.0, 0.0, 0.16666666666666666]
21:[0.0, 0.1111111111111111, 0.1111111111111111, 0.16666666666666666, 0.0, 0.0, 0.0, 0.0, 0.16666666666666666, 0.05555555555555555, 0.0, 0.0, 0.0, 0.0, 0.0, 0.2222222222222222, 0.0, 0.0, 0.0, 0.16666666666666666]
22:[0.0, 0.125, 0.125, 0.1875, 0.0, 0.0, 0.0, 0.0, 0.1875, 0.0625, 0.0, 0.0625, 0.0, 0.0, 0.0, 0.25, 0.0, 0.0, 0.0, 0.0]
23:[0.0, 0.13333333333333333, 0.13333333333333333, 0.2, 0.0, 0.0, 0.0, 0.0, 0.2, 0.06666666666666667, 0.0, 0.0, 0.0, 0.0, 0.0, 0.26666666666666666, 0.0, 0.0, 0.0, 0.0]
24:[0.0, 0.13333333333333333, 0.13333333333333333, 0.2, 0.0, 0.0, 0.0, 0.0, 0.2, 0.06666666666666667, 0.0, 0.0, 0.0, 0.0, 0.0, 0.26666666666666666, 0.0, 0.0, 0.0, 0.0]
25:[0.0, 0.16666666666666666, 0.08333333333333333, 0.0, 0.0, 0.0, 0.0, 0.0, 0.25, 0.08333333333333333, 0.0, 0.08333333333333333, 0.0, 0.0, 0.0, 0.3333333333333333, 0.0, 0.0, 0.0, 0.0]
26:[0.0, 0.18181818181818182, 0.09090909090909091, 0.0, 0.0, 0.0, 0.0, 0.0, 0.2727272727272727, 0.09090909090909091, 0.0, 0.0, 0.0, 0.0, 0.0, 0.36363636363636365, 0.0, 0.0, 0.0, 0.0]
27:[0.0, 0.18181818181818182, 0.09090909090909091, 0.0, 0.0, 0.0, 0.0, 0.0, 0.2727272727272727, 0.09090909090909091, 0.0, 0.0, 0.0, 0.0, 0.0, 0.36363636363636365, 0.0, 0.0, 0.0, 0.0]
28:[0.0, 0.18181818181818182, 0.09090909090909091, 0.0, 0.0, 0.0, 0.0, 0.0, 0.2727272727272727, 0.09090909090909091, 0.0, 0.0, 0.0, 0.0, 0.0, 0.36363636363636365, 0.0, 0.0, 0.0, 0.0]
29:[0.0, 0.18181818181818182, 0.09090909090909091, 0.0, 0.0, 0.0, 0.0, 0.0, 0.2727272727272727, 0.09090909090909091, 0.0, 0.0, 0.0, 0.0, 0.0, 0.36363636363636365, 0.0, 0.0, 0.0, 0.0]
30:[0.0, 0.2, 0.1, 0.0, 0.0, 0.0, 0.0, 0.0, 0.3, 0.1, 0.0, 0.0, 0.0, 0.0, 0.0, 0.3, 0.0, 0.0, 0.0, 0.0]
31:[0.0, 0.2, 0.1, 0.0, 0.0, 0.0, 0.0, 0.0, 0.3, 0.1, 0.0, 0.0, 0.0, 0.0, 0.0, 0.3, 0.0, 0.0, 0.0, 0.0]
32:[0.0, 0.2, 0.1, 0.0, 0.0, 0.0, 0.0, 0.0, 0.3, 0.1, 0.0, 0.0, 0.0, 0.0, 0.0, 0.3, 0.0, 0.0, 0.0, 0.0]
33:[0.0, 0.2222222222222222, 0.1111111111111111, 0.0, 0.0, 0.0, 0.0, 0.0, 0.3333333333333333, 0.1111111111111111, 0.0, 0.0, 0.0, 0.0, 0.0, 0.2222222222222222, 0.0, 0.0, 0.0, 0.0]
34:[0.0, 0.2222222222222222, 0.1111111111111111, 0.0, 0.0, 0.0, 0.0, 0.0, 0.3333333333333333, 0.1111111111111111, 0.0, 0.0, 0.0, 0.0, 0.0, 0.2222222222222222, 0.0, 0.0, 0.0, 0.0]
35:[0.0, 0.0, 0.125, 0.0, 0.0, 0.0, 0.0, 0.0, 0.375, 0.125, 0.0, 0.0, 0.0, 0.0, 0.0, 0.25, 0.0, 0.0, 0.125, 0.0]
36:[0.0, 0.0, 0.14285714285714285, 0.0, 0.0, 0.0, 0.0, 0.0, 0.42857142857142855, 0.0, 0.0, 0.0, 0.0, 0.0, 0.0, 0.2857142857142857, 0.0, 0.0, 0.14285714285714285, 0.0]
37:[0.0, 0.0, 0.14285714285714285, 0.0, 0.0, 0.0, 0.0, 0.0, 0.42857142857142855, 0.0, 0.0, 0.0, 0.0, 0.0, 0.0, 0.2857142857142857, 0.0, 0.0, 0.14285714285714285, 0.0]
38:[0.0, 0.0, 0.14285714285714285, 0.0, 0.0, 0.0, 0.0, 0.0, 0.42857142857142855, 0.0, 0.0, 0.0, 0.0, 0.0, 0.0, 0.2857142857142857, 0.0, 0.0, 0.14285714285714285, 0.0]
39:[0.0, 0.0, 0.2, 0.0, 0.0, 0.0, 0.0, 0.0, 0.4, 0.0, 0.2, 0.0, 0.0, 0.0, 0.0, 0.0, 0.0, 0.0, 0.2, 0.0]
40:[0.0, 0.0, 0.2222222222222222, 0.0, 0.0, 0.0, 0.1111111111111111, 0.0, 0.2222222222222222, 0.0, 0.1111111111111111, 0.0, 0.2222222222222222, 0.0, 0.0, 0.0, 0.0, 0.0, 0.1111111111111111, 0.0]
41:[0.0, 0.0, 0.2222222222222222, 0.0, 0.0, 0.0, 0.1111111111111111, 0.0, 0.2222222222222222, 0.0, 0.1111111111111111, 0.0, 0.2222222222222222, 0.0, 0.0, 0.0, 0.0, 0.0, 0.1111111111111111, 0.0]
42:[0.0, 0.0, 0.2222222222222222, 0.0, 0.0, 0.0, 0.1111111111111111, 0.0, 0.2222222222222222, 0.0, 0.1111111111111111, 0.0, 0.2222222222222222, 0.0, 0.0, 0.0, 0.0, 0.0, 0.1111111111111111, 0.0]
43:[0.0, 0.0, 0.25, 0.0, 0.0, 0.0, 0.0, 0.0, 0.25, 0.0, 0.125, 0.0, 0.25, 0.0, 0.0, 0.0, 0.0, 0.0, 0.125, 0.0]
44:[0.0, 0.0, 0.14285714285714285, 0.0, 0.0, 0.0, 0.0, 0.0, 0.2857142857142857, 0.0, 0.14285714285714285, 0.0, 0.2857142857142857, 0.0, 0.0, 0.0, 0.0, 0.0, 0.14285714285714285, 0.0]
45:[0.0, 0.0, 0.16666666666666666, 0.0, 0.0, 0.0, 0.0, 0.0, 0.3333333333333333, 0.0, 0.0, 0.0, 0.3333333333333333, 0.0, 0.0, 0.0, 0.0, 0.0, 0.16666666666666666, 0.0]
46:[0.0, 0.0, 0.0, 0.0, 0.0, 0.0, 0.0, 0.0, 0.4, 0.0, 0.0, 0.0, 0.4, 0.0, 0.0, 0.0, 0.0, 0.0, 0.2, 0.0]
47:[0.0, 0.0, 0.0, 0.0, 0.0, 0.0, 0.0, 0.0, 0.4, 0.0, 0.0, 0.0, 0.4, 0.0, 0.0, 0.0, 0.0, 0.0, 0.2, 0.0]
48:[0.0, 0.0, 0.0, 0.0, 0.0, 0.0, 0.0, 0.0, 0.4, 0.0, 0.0, 0.0, 0.4, 0.0, 0.0, 0.0, 0.0, 0.0, 0.2, 0.0]
49:[0.0, 0.0, 0.0, 0.0, 0.0, 0.0, 0.0, 0.0, 0.4, 0.0, 0.0, 0.0, 0.4, 0.0, 0.0, 0.0, 0.0, 0.0, 0.2, 0.0]
50:[0.0, 0.0, 0.0, 0.0, 0.0, 0.0, 0.17647058823529413, 0.0, 0.23529411764705882, 0.0, 0.0, 0.0, 0.4117647058823529, 0.0, 0.0, 0.0, 0.0, 0.0, 0.17647058823529413, 0.0]
51:[0.0, 0.0, 0.0, 0.0, 0.0, 0.0, 0.0, 0.0, 0.2857142857142857, 0.0, 0.0, 0.0, 0.5, 0.0, 0.0, 0.0, 0.0, 0.0, 0.21428571428571427, 0.0]
52:[0.0, 0.0, 0.0, 0.07142857142857142, 0.0, 0.0, 0.0, 0.21428571428571427, 0.2857142857142857, 0.0, 0.0, 0.0, 0.14285714285714285, 0.0, 0.0, 0.0, 0.0, 0.0, 0.21428571428571427, 0.07142857142857142]
53:[0.0, 0.0, 0.0, 0.07142857142857142, 0.0, 0.0, 0.0, 0.21428571428571427, 0.2857142857142857, 0.0, 0.0, 0.0, 0.14285714285714285, 0.0, 0.0, 0.0, 0.0, 0.0, 0.21428571428571427, 0.07142857142857142]
54:[0.0, 0.0, 0.0, 0.07692307692307693, 0.0, 0.0, 0.0, 0.23076923076923078, 0.3076923076923077, 0.0, 0.0, 0.0, 0.15384615384615385, 0.0, 0.0, 0.0, 0.0, 0.0, 0.23076923076923078, 0.0]
55:[0.0, 0.0, 0.0, 0.1, 0.0, 0.0, 0.0, 0.3, 0.1, 0.0, 0.0, 0.0, 0.2, 0.0, 0.0, 0.0, 0.0, 0.0, 0.3, 0.0]
56:[0.0, 0.0, 0.0, 0.1111111111111111, 0.0, 0.0, 0.0, 0.3333333333333333, 0.0, 0.0, 0.0, 0.0, 0.2222222222222222, 0.0, 0.0, 0.0, 0.0, 0.0, 0.3333333333333333, 0.0]
57:[0.0, 0.0, 0.0, 0.1111111111111111, 0.0, 0.0, 0.0, 0.3333333333333333, 0.0, 0.0, 0.0, 0.0, 0.2222222222222222, 0.0, 0.0, 0.0, 0.0, 0.0, 0.3333333333333333, 0.0]
58:[0.0, 0.0, 0.0, 0.14285714285714285, 0.0, 0.0, 0.0, 0.42857142857142855, 0.0, 0.0, 0.0, 0.0, 0.0, 0.0, 0.0, 0.0, 0.0, 0.0, 0.42857142857142855, 0.0]
59:[0.0, 0.0, 0.0, 0.14285714285714285, 0.0, 0.0, 0.0, 0.42857142857142855, 0.0, 0.0, 0.0, 0.0, 0.0, 0.0, 0.0, 0.0, 0.0, 0.0, 0.42857142857142855, 0.0]
60:[0.0, 0.0, 0.0, 0.2, 0.0, 0.0, 0.0, 0.0, 0.0, 0.0, 0.0, 0.0, 0.0, 0.2, 0.0, 0.0, 0.0, 0.0, 0.6, 0.0]
61:[0.0, 0.0, 0.0, 0.25, 0.0, 0.0, 0.0, 0.0, 0.0, 0.0, 0.0, 0.0, 0.0, 0.0, 0.0, 0.0, 0.0, 0.0, 0.75, 0.0]
62:[0.0, 0.0, 0.0, 0.375, 0.0, 0.0, 0.0, 0.0, 0.0625, 0.0, 0.0, 0.0, 0.0, 0.0625, 0.0, 0.0, 0.0, 0.3125, 0.1875, 0.0]
63:[0.0, 0.0, 0.0, 0.16666666666666666, 0.0, 0.0, 0.0, 0.0, 0.16666666666666666, 0.0, 0.0, 0.0, 0.0, 0.16666666666666666, 0.0, 0.0, 0.0, 0.0, 0.5, 0.0]
64:[0.0, 0.0, 0.0, 0.3, 0.0, 0.1, 0.0, 0.0, 0.1, 0.0, 0.0, 0.0, 0.0, 0.2, 0.0, 0.0, 0.0, 0.0, 0.3, 0.0]
65:[0.0, 0.0, 0.0, 0.3, 0.0, 0.1, 0.0, 0.0, 0.1, 0.0, 0.0, 0.0, 0.0, 0.2, 0.0, 0.0, 0.0, 0.0, 0.3, 0.0]
66:[0.0, 0.0, 0.0, 0.125, 0.0, 0.125, 0.0, 0.0, 0.125, 0.0, 0.0, 0.0, 0.0, 0.25, 0.0, 0.0, 0.0, 0.0, 0.375, 0.0]
67:[0.0, 0.0, 0.0, 0.125, 0.0, 0.125, 0.0, 0.0, 0.125, 0.0, 0.125, 0.0, 0.0, 0.125, 0.0, 0.0, 0.0, 0.0, 0.375, 0.0]
68:[0.0, 0.0, 0.0, 0.16666666666666666, 0.0, 0.16666666666666666, 0.0, 0.0, 0.16666666666666666, 0.0, 0.0, 0.0, 0.0, 0.3333333333333333, 0.0, 0.0, 0.0, 0.0, 0.16666666666666666, 0.0]
69:[0.0, 0.0, 0.0, 0.2, 0.0, 0.2, 0.0, 0.0, 0.2, 0.0, 0.0, 0.0, 0.0, 0.2, 0.0, 0.0, 0.0, 0.0, 0.2, 0.0]
70:[0.0, 0.0, 0.0, 0.25, 0.0, 0.0, 0.0, 0.0, 0.25, 0.0, 0.0, 0.0, 0.0, 0.25, 0.0, 0.0, 0.0, 0.0, 0.25, 0.0]
71:[0.0, 0.0, 0.0, 0.0, 0.0, 0.25, 0.0, 0.0, 0.25, 0.0, 0.0, 0.0, 0.0, 0.25, 0.0, 0.0, 0.0, 0.0, 0.25, 0.0]
72:[0.0, 0.0, 0.0, 0.0, 0.0, 0.0, 0.0, 0.0, 0.3333333333333333, 0.0, 0.0, 0.0, 0.0, 0.3333333333333333, 0.0, 0.0, 0.0, 0.0, 0.3333333333333333, 0.0]
73:[0.0, 0.0, 0.0, 0.3333333333333333, 0.0, 0.0, 0.0, 0.0, 0.0, 0.0, 0.0, 0.0, 0.0, 0.3333333333333333, 0.0, 0.0, 0.0, 0.0, 0.3333333333333333, 0.0]
74:[0.1875, 0.0, 0.0, 0.375, 0.0, 0.125, 0.0, 0.0, 0.0, 0.0, 0.1875, 0.0, 0.0, 0.0625, 0.0, 0.0, 0.0, 0.0, 0.0625, 0.0]
75:[0.23076923076923078, 0.0, 0.0, 0.46153846153846156, 0.0, 0.15384615384615385, 0.0, 0.0, 0.0, 0.0, 0.0, 0.0, 0.0, 0.07692307692307693, 0.0, 0.0, 0.0, 0.0, 0.07692307692307693, 0.0]
76:[0.42857142857142855, 0.0, 0.0, 0.0, 0.0, 0.2857142857142857, 0.0, 0.0, 0.0, 0.0, 0.0, 0.0, 0.0, 0.14285714285714285, 0.0, 0.0, 0.0, 0.0, 0.14285714285714285, 0.0]
77:[0.3333333333333333, 0.0, 0.0, 0.0, 0.0, 0.3333333333333333, 0.0, 0.0, 0.0, 0.0, 0.0, 0.0, 0.0, 0.16666666666666666, 0.0, 0.0, 0.0, 0.0, 0.16666666666666666, 0.0]
78:[0.3333333333333333, 0.0, 0.0, 0.0, 0.0, 0.3333333333333333, 0.0, 0.0, 0.0, 0.0, 0.0, 0.0, 0.0, 0.16666666666666666, 0.0, 0.0, 0.0, 0.0, 0.16666666666666666, 0.0]
79:[0.3333333333333333, 0.0, 0.0, 0.0, 0.0, 0.3333333333333333, 0.0, 0.0, 0.0, 0.0, 0.0, 0.0, 0.0, 0.16666666666666666, 0.0, 0.0, 0.0, 0.0, 0.16666666666666666, 0.0]
80:[0.0, 0.0, 0.0, 0.0, 0.0, 0.4, 0.0, 0.0, 0.0, 0.2, 0.0, 0.0, 0.0, 0.2, 0.0, 0.0, 0.0, 0.0, 0.2, 0.0]
81:[0.0, 0.0, 0.0, 0.0, 0.0, 0.5, 0.0, 0.0, 0.0, 0.0, 0.0, 0.0, 0.0, 0.25, 0.0, 0.0, 0.0, 0.0, 0.25, 0.0]
82:[0.0, 0.0, 0.0, 0.0, 0.0, 0.5, 0.0, 0.0, 0.0, 0.0, 0.0, 0.0, 0.0, 0.25, 0.0, 0.0, 0.0, 0.0, 0.25, 0.0]
83:[0.0, 0.0, 0.0, 0.0, 0.0, 0.5, 0.0, 0.0, 0.0, 0.0, 0.0, 0.0, 0.0, 0.25, 0.0, 0.0, 0.0, 0.0, 0.25, 0.0]
84:[0.0, 0.0, 0.0, 0.0, 0.0, 0.5, 0.0, 0.0, 0.0, 0.0, 0.0, 0.0, 0.0, 0.25, 0.0, 0.0, 0.0, 0.0, 0.25, 0.0]
85:[0.0, 0.0, 0.0, 0.0, 0.0, 0.5, 0.0, 0.0, 0.0, 0.0, 0.0, 0.0, 0.0, 0.25, 0.0, 0.0, 0.0, 0.0, 0.25, 0.0]
86:[0.0, 0.0, 0.0, 0.0, 0.0, 0.5, 0.0, 0.0, 0.0, 0.0, 0.0, 0.0, 0.0, 0.25, 0.0, 0.0, 0.0, 0.0, 0.25, 0.0]
87:[0.0, 0.0, 0.0, 0.0, 0.0, 0.5, 0.0, 0.0, 0.0, 0.0, 0.0, 0.0, 0.0, 0.25, 0.0, 0.0, 0.0, 0.0, 0.25, 0.0]
88:[0.0, 0.0, 0.0, 0.0, 0.0, 0.5, 0.0, 0.0, 0.0, 0.0, 0.0, 0.0, 0.0, 0.25, 0.0, 0.0, 0.0, 0.0, 0.25, 0.0]
89:[0.0, 0.0, 0.0, 0.0, 0.0, 0.0, 0.0, 0.0, 0.0, 0.0, 0.0, 0.0, 0.0, 0.6666666666666666, 0.0, 0.0, 0.0, 0.0, 0.3333333333333333, 0.0]
90:[0.0, 0.0, 0.0, 0.0, 0.0, 0.0, 0.0, 0.0, 0.0, 0.0, 0.0, 0.0, 0.0, 0.3333333333333333, 0.3333333333333333, 0.0, 0.0, 0.0, 0.3333333333333333, 0.0]
91:[0.0, 0.14285714285714285, 0.0, 0.0, 0.0, 0.0, 0.07142857142857142, 0.0, 0.0, 0.35714285714285715, 0.07142857142857142, 0.0, 0.0, 0.21428571428571427, 0.07142857142857142, 0.0, 0.0, 0.0, 0.07142857142857142, 0.0]
92:[0.0, 0.2, 0.0, 0.0, 0.0, 0.0, 0.2, 0.0, 0.0, 0.0, 0.0, 0.1, 0.0, 0.3, 0.1, 0.0, 0.0, 0.0, 0.1, 0.0]
93:[0.2, 0.0, 0.0, 0.0, 0.0, 0.0, 0.2, 0.0, 0.0, 0.0, 0.0, 0.0, 0.0, 0.2, 0.2, 0.0, 0.0, 0.0, 0.2, 0.0]
94:[0.2, 0.0, 0.0, 0.0, 0.0, 0.0, 0.2, 0.0, 0.0, 0.0, 0.0, 0.0, 0.0, 0.2, 0.2, 0.0, 0.0, 0.0, 0.2, 0.0]
95:[0.25, 0.0, 0.0, 0.0, 0.0, 0.0, 0.25, 0.0, 0.0, 0.0, 0.0, 0.0, 0.0, 0.0, 0.25, 0.0, 0.0, 0.0, 0.25, 0.0]
96:[0.25, 0.0, 0.0, 0.0, 0.0, 0.0, 0.0, 0.0, 0.0, 0.0, 0.0, 0.0, 0.0, 0.25, 0.25, 0.0, 0.0, 0.0, 0.25, 0.0]
97:[0.3333333333333333, 0.0, 0.0, 0.0, 0.0, 0.0, 0.0, 0.0, 0.0, 0.0, 0.0, 0.0, 0.0, 0.0, 0.3333333333333333, 0.0, 0.0, 0.0, 0.3333333333333333, 0.0]
98:[0.3333333333333333, 0.0, 0.0, 0.0, 0.0, 0.0, 0.0, 0.0, 0.0, 0.0, 0.0, 0.0, 0.0, 0.0, 0.3333333333333333, 0.0, 0.0, 0.0, 0.3333333333333333, 0.0]
99:[0.3333333333333333, 0.0, 0.0, 0.0, 0.0, 0.0, 0.0, 0.0, 0.0, 0.0, 0.0, 0.0, 0.0, 0.0, 0.3333333333333333, 0.0, 0.0, 0.0, 0.3333333333333333, 0.0]
100:[0.0, 0.0, 0.0, 0.0, 0.0, 0.0, 0.0, 0.0, 0.0, 0.0, 0.0, 0.0, 0.0, 0.0, 0.5, 0.0, 0.0, 0.0, 0.5, 0.0]
