1:[0.020202020202020204, 0.06060606060606061, 0.10101010101010101, 0.020202020202020204, 0.09090909090909091, 0.020202020202020204, 0.08080808080808081, 0.09090909090909091, 0.09090909090909091, 0.030303030303030304, 0.06060606060606061, 0.0, 0.06060606060606061, 0.0, 0.06060606060606061, 0.010101010101010102, 0.10101010101010101, 0.0, 0.0, 0.10101010101010101]
2:[0.052083333333333336, 0.0625, 0.010416666666666666, 0.041666666666666664, 0.09375, 0.07291666666666667, 0.020833333333333332, 0.07291666666666667, 0.041666666666666664, 0.010416666666666666, 0.052083333333333336, 0.08333333333333333, 0.052083333333333336, 0.03125, 0.010416666666666666, 0.052083333333333336, 0.052083333333333336, 0.08333333333333333, 0.09375, 0.010416666666666666]
3:[0.024390243902439025, 0.07317073170731707, 0.024390243902439025, 0.04878048780487805, 0.04878048780487805, 0.024390243902439025, 0.0975609756097561, 0.10975609756097561, 0.10975609756097561, 0.036585365853658534, 0.07317073170731707, 0.0, 0.07317073170731707, 0.0, 0.07317073170731707, 0.024390243902439025, 0.04878048780487805, 0.024390243902439025, 0.036585365853658534, 0.04878048780487805]
4:[0.0273972602739726, 0.0821917808219178, 0.0136986301369863, 0.0547945205479452, 0.1232876712328767, 0.0958904109589041, 0.0410958904109589, 0.0958904109589041, 0.0547945205479452, 0.0273972602739726, 0.0136986301369863, 0.0, 0.0821917808219178, 0.0, 0.0821917808219178, 0.0273972602739726, 0.0547945205479452, 0.0273972602739726, 0.0410958904109589, 0.0547945205479452]
5:[0.030303030303030304, 0.09090909090909091, 0.015151515151515152, 0.06060606060606061, 0.13636363636363635, 0.10606060606060606, 0.045454545454545456, 0.10606060606060606, 0.06060606060606061, 0.030303030303030304, 0.015151515151515152, 0.0, 0.0, 0.030303030303030304, 0.045454545454545456, 0.030303030303030304, 0.06060606060606061, 0.030303030303030304, 0.045454545454545456, 0.06060606060606061]
6:[0.034482758620689655, 0.10344827586206896, 0.034482758620689655, 0.06896551724137931, 0.05172413793103448, 0.1206896551724138, 0.05172413793103448, 0.1206896551724138, 0.06896551724137931, 0.034482758620689655, 0.017241379310344827, 0.0, 0.0, 0.034482758620689655, 0.0, 0.034482758620689655, 0.06896551724137931, 0.034482758620689655, 0.05172413793103448, 0.06896551724137931]
7:[0.037037037037037035, 0.1111111111111111, 0.037037037037037035, 0.07407407407407407, 0.05555555555555555, 0.12962962962962962, 0.05555555555555555, 0.037037037037037035, 0.07407407407407407, 0.037037037037037035, 0.018518518518518517, 0.0, 0.0, 0.037037037037037035, 0.05555555555555555, 0.037037037037037035, 0.07407407407407407, 0.0, 0.05555555555555555, 0.07407407407407407]
8:[0.038461538461538464, 0.11538461538461539, 0.038461538461538464, 0.07692307692307693, 0.057692307692307696, 0.1346153846153846, 0.057692307692307696, 0.038461538461538464, 0.07692307692307693, 0.019230769230769232, 0.019230769230769232, 0.0, 0.0, 0.038461538461538464, 0.0, 0.038461538461538464, 0.07692307692307693, 0.038461538461538464, 0.057692307692307696, 0.07692307692307693]
9:[0.041666666666666664, 0.125, 0.041666666666666664, 0.08333333333333333, 0.0625, 0.14583333333333334, 0.0, 0.041666666666666664, 0.08333333333333333, 0.041666666666666664, 0.020833333333333332, 0.0, 0.0, 0.041666666666666664, 0.0, 0.041666666666666664, 0.08333333333333333, 0.0, 0.0625, 0.08333333333333333]
10:[0.045454545454545456, 0.13636363636363635, 0.045454545454545456, 0.09090909090909091, 0.06818181818181818, 0.1590909090909091, 0.0, 0.045454545454545456, 0.09090909090909091, 0.022727272727272728, 0.022727272727272728, 0.0, 0.0, 0.045454545454545456, 0.0, 0.045454545454545456, 0.09090909090909091, 0.0, 0.06818181818181818, 0.022727272727272728]
11:[0.04878048780487805, 0.12195121951219512, 0.024390243902439025, 0.0975609756097561, 0.07317073170731707, 0.14634146341463414, 0.0, 0.04878048780487805, 0.0975609756097561, 0.04878048780487805, 0.024390243902439025, 0.0, 0.0, 0.024390243902439025, 0.0, 0.04878048780487805, 0.0975609756097561, 0.0, 0.0, 0.0975609756097561]
12:[0.05405405405405406, 0.0, 0.02702702702702703, 0.10810810810810811, 0.08108108108108109, 0.1891891891891892, 0.0, 0.05405405405405406, 0.10810810810810811, 0.02702702702702703, 0.02702702702702703, 0.0, 0.0, 0.02702702702702703, 0.0, 0.05405405405405406, 0.13513513513513514, 0.0, 0.0, 0.10810810810810811]
13:[0.05714285714285714, 0.0, 0.02857142857142857, 0.11428571428571428, 0.08571428571428572, 0.2, 0.0, 0.05714285714285714, 0.11428571428571428, 0.05714285714285714, 0.0, 0.0, 0.0, 0.05714285714285714, 0.0, 0.0, 0.11428571428571428, 0.0, 0.0, 0.11428571428571428]
14:[0.058823529411764705, 0.0, 0.029411764705882353, 0.11764705882352941, 0.08823529411764706, 0.20588235294117646, 0.0, 0.029411764705882353, 0.11764705882352941, 0.058823529411764705, 0.0, 0.0, 0.0, 0.029411764705882353, 0.0, 0.029411764705882353, 0.11764705882352941, 0.0, 0.0, 0.11764705882352941]
15:[0.06451612903225806, 0.0, 0.03225806451612903, 0.12903225806451613, 0.0967741935483871, 0.06451612903225806, 0.0, 0.06451612903225806, 0.06451612903225806, 0.03225806451612903, 0.0, 0.0967741935483871, 0.0, 0.06451612903225806, 0.0, 0.0, 0.12903225806451613, 0.0, 0.03225806451612903, 0.12903225806451613]
16:[0.07142857142857142, 0.0, 0.03571428571428571, 0.14285714285714285, 0.10714285714285714, 0.07142857142857142, 0.0, 0.07142857142857142, 0.07142857142857142, 0.03571428571428571, 0.0, 0.0, 0.0, 0.07142857142857142, 0.0, 0.0, 0.14285714285714285, 0.0, 0.03571428571428571, 0.14285714285714285]
17:[0.07142857142857142, 0.0, 0.03571428571428571, 0.14285714285714285, 0.10714285714285714, 0.07142857142857142, 0.0, 0.07142857142857142, 0.07142857142857142, 0.03571428571428571, 0.03571428571428571, 0.03571428571428571, 0.0, 0.0, 0.0, 0.0, 0.14285714285714285, 0.0, 0.03571428571428571, 0.14285714285714285]
18:[0.08, 0.0, 0.04, 0.16, 0.12, 0.08, 0.0, 0.08, 0.04, 0.04, 0.04, 0.04, 0.0, 0.0, 0.0, 0.0, 0.08, 0.0, 0.04, 0.16]
19:[0.08333333333333333, 0.0, 0.041666666666666664, 0.16666666666666666, 0.125, 0.08333333333333333, 0.0, 0.08333333333333333, 0.08333333333333333, 0.041666666666666664, 0.0, 0.0, 0.0, 0.0, 0.0, 0.0, 0.08333333333333333, 0.0, 0.041666666666666664, 0.16666666666666666]
20:[0.0, 0.0, 0.045454545454545456, 0.18181818181818182, 0.13636363636363635, 0.09090909090909091, 0.0, 0.09090909090909091, 0.09090909090909091, 0.045454545454545456, 0.0, 0.0, 0.0, 0.0, 0.0, 0.0, 0.09090909090909091, 0.0, 0.045454545454545456, 0.18181818181818182]
21:[0.0, 0.0, 0.045454545454545456, 0.18181818181818182, 0.13636363636363635, 0.09090909090909091, 0.0, 0.09090909090909091, 0.0, 0.045454545454545456, 0.045454545454545456, 0.045454545454545456, 0.045454545454545456, 0.0, 0.0, 0.0, 0.09090909090909091, 0.0, 0.0, 0.18181818181818182]
22:[0.0, 0.0, 0.05263157894736842, 0.21052631578947367, 0.15789473684210525, 0.10526315789473684, 0.0, 0.10526315789473684, 0.10526315789473684, 0.05263157894736842, 0.0, 0.05263157894736842, 0.0, 0.0, 0.0, 0.0, 0.10526315789473684, 0.0, 0.0, 0.05263157894736842]
23:[0.0, 0.0, 0.0625, 0.25, 0.1875, 0.125, 0.0, 0.125, 0.0, 0.0625, 0.0, 0.0, 0.0, 0.0, 0.0, 0.0, 0.125, 0.0, 0.0, 0.0625]
24:[0.0, 0.0, 0.0, 0.26666666666666666, 0.2, 0.13333333333333333, 0.06666666666666667, 0.13333333333333333, 0.0, 0.06666666666666667, 0.0, 0.0, 0.0, 0.0, 0.0, 0.0, 0.13333333333333333, 0.0, 0.0, 0.0]
25:[0.0, 0.0, 0.07692307692307693, 0.3076923076923077, 0.07692307692307693, 0.15384615384615385, 0.0, 0.07692307692307693, 0.0, 0.07692307692307693, 0.0, 0.0, 0.0, 0.0, 0.0, 0.0, 0.15384615384615385, 0.0, 0.0, 0.07692307692307693]
26:[0.0, 0.0, 0.09090909090909091, 0.18181818181818182, 0.09090909090909091, 0.18181818181818182, 0.0, 0.09090909090909091, 0.0, 0.09090909090909091, 0.0, 0.0, 0.0, 0.0, 0.0, 0.0, 0.18181818181818182, 0.0, 0.0, 0.09090909090909091]
27:[0.0, 0.0, 0.09090909090909091, 0.18181818181818182, 0.09090909090909091, 0.18181818181818182, 0.0, 0.09090909090909091, 0.0, 0.09090909090909091, 0.0, 0.0, 0.0, 0.0, 0.0, 0.0, 0.18181818181818182, 0.0, 0.0, 0.09090909090909091]
28:[0.0, 0.0, 0.1111111111111111, 0.2222222222222222, 0.1111111111111111, 0.2222222222222222, 0.0, 0.1111111111111111, 0.0, 0.1111111111111111, 0.0, 0.0, 0.0, 0.0, 0.0, 0.0, 0.0, 0.0, 0.0, 0.1111111111111111]
29:[0.0, 0.0, 0.125, 0.25, 0.125, 0.25, 0.0, 0.0, 0.0, 0.125, 0.0, 0.0, 0.0, 0.0, 0.0, 0.0, 0.0, 0.0, 0.0, 0.125]
30:[0.0, 0.0, 0.14285714285714285, 0.2857142857142857, 0.14285714285714285, 0.2857142857142857, 0.0, 0.0, 0.0, 0.14285714285714285, 0.0, 0.0, 0.0, 0.0, 0.0, 0.0, 0.0, 0.0, 0.0, 0.0]
31:[0.0, 0.0, 0.14285714285714285, 0.2857142857142857, 0.14285714285714285, 0.2857142857142857, 0.0, 0.0, 0.0, 0.14285714285714285, 0.0, 0.0, 0.0, 0.0, 0.0, 0.0, 0.0, 0.0, 0.0, 0.0]
32:[0.0, 0.0, 0.16666666666666666, 0.3333333333333333, 0.16666666666666666, 0.3333333333333333, 0.0, 0.0, 0.0, 0.0, 0.0, 0.0, 0.0, 0.0, 0.0, 0.0, 0.0, 0.0, 0.0, 0.0]
33:[0.0, 0.0, 0.16666666666666666, 0.3333333333333333, 0.16666666666666666, 0.3333333333333333, 0.0, 0.0, 0.0, 0.0, 0.0, 0.0, 0.0, 0.0, 0.0, 0.0, 0.0, 0.0, 0.0, 0.0]
34:[0.0, 0.0, 0.16666666666666666, 0.3333333333333333, 0.16666666666666666, 0.3333333333333333, 0.0, 0.0, 0.0, 0.0, 0.0, 0.0, 0.0, 0.0, 0.0, 0.0, 0.0, 0.0, 0.0, 0.0]
35:[0.0, 0.0, 0.16666666666666666, 0.3333333333333333, 0.16666666666666666, 0.3333333333333333, 0.0, 0.0, 0.0, 0.0, 0.0, 0.0, 0.0, 0.0, 0.0, 0.0, 0.0, 0.0, 0.0, 0.0]
36:[0.0, 0.0, 0.16666666666666666, 0.3333333333333333, 0.16666666666666666, 0.3333333333333333, 0.0, 0.0, 0.0, 0.0, 0.0, 0.0, 0.0, 0.0, 0.0, 0.0, 0.0, 0.0, 0.0, 0.0]
37:[0.0, 0.0, 0.16666666666666666, 0.3333333333333333, 0.16666666666666666, 0.3333333333333333, 0.0, 0.0, 0.0, 0.0, 0.0, 0.0, 0.0, 0.0, 0.0, 0.0, 0.0, 0.0, 0.0, 0.0]
38:[0.0, 0.0, 0.2, 0.4, 0.0, 0.4, 0.0, 0.0, 0.0, 0.0, 0.0, 0.0, 0.0, 0.0, 0.0, 0.0, 0.0, 0.0, 0.0, 0.0]
39:[0.0, 0.0, 0.25, 0.0, 0.25, 0.5, 0.0, 0.0, 0.0, 0.0, 0.0, 0.0, 0.0, 0.0, 0.0, 0.0, 0.0, 0.0, 0.0, 0.0]
40:[0.0, 0.0, 0.25, 0.0, 0.25, 0.5, 0.0, 0.0, 0.0, 0.0, 0.0, 0.0, 0.0, 0.0, 0.0, 0.0, 0.0, 0.0, 0.0, 0.0]
41:[0.0, 0.0, 0.25, 0.0, 0.25, 0.5, 0.0, 0.0, 0.0, 0.0, 0.0, 0.0, 0.0, 0.0, 0.0, 0.0, 0.0, 0.0, 0.0, 0.0]
42:[0.0, 0.0, 0.3333333333333333, 0.0, 0.3333333333333333, 0.3333333333333333, 0.0, 0.0, 0.0, 0.0, 0.0, 0.0, 0.0, 0.0, 0.0, 0.0, 0.0, 0.0, 0.0, 0.0]
43:[0.0, 0.0, 0.3333333333333333, 0.0, 0.3333333333333333, 0.3333333333333333, 0.0, 0.0, 0.0, 0.0, 0.0, 0.0, 0.0, 0.0, 0.0, 0.0, 0.0, 0.0, 0.0, 0.0]
44:[0.0, 0.0, 0.2, 0.0, 0.4, 0.4, 0.0, 0.0, 0.0, 0.0, 0.0, 0.0, 0.0, 0.0, 0.0, 0.0, 0.0, 0.0, 0.0, 0.0]
45:[0.0, 0.0, 0.2, 0.0, 0.4, 0.4, 0.0, 0.0, 0.0, 0.0, 0.0, 0.0, 0.0, 0.0, 0.0, 0.0, 0.0, 0.0, 0.0, 0.0]
46:[0.0, 0.0, 0.25, 0.0, 0.5, 0.25, 0.0, 0.0, 0.0, 0.0, 0.0, 0.0, 0.0, 0.0, 0.0, 0.0, 0.0, 0.0, 0.0, 0.0]
47:[0.0, 0.0, 0.2857142857142857, 0.0, 0.2857142857142857, 0.2857142857142857, 0.0, 0.0, 0.0, 0.0, 0.14285714285714285, 0.0, 0.0, 0.0, 0.0, 0.0, 0.0, 0.0, 0.0, 0.0]
48:[0.0, 0.0, 0.2857142857142857, 0.0, 0.2857142857142857, 0.2857142857142857, 0.0, 0.0, 0.0, 0.0, 0.14285714285714285, 0.0, 0.0, 0.0, 0.0, 0.0, 0.0, 0.0, 0.0, 0.0]
49:[0.0, 0.0, 0.3333333333333333, 0.0, 0.3333333333333333, 0.16666666666666666, 0.0, 0.0, 0.0, 0.0, 0.16666666666666666, 0.0, 0.0, 0.0, 0.0, 0.0, 0.0, 0.0, 0.0, 0.0]
50:[0.0, 0.0, 0.4, 0.0, 0.4, 0.2, 0.0, 0.0, 0.0, 0.0, 0.0, 0.0, 0.0, 0.0, 0.0, 0.0, 0.0, 0.0, 0.0, 0.0]
51:[0.0, 0.0, 0.4, 0.0, 0.4, 0.2, 0.0, 0.0, 0.0, 0.0, 0.0, 0.0, 0.0, 0.0, 0.0, 0.0, 0.0, 0.0, 0.0, 0.0]
52:[0.0, 0.0, 0.4, 0.0, 0.4, 0.2, 0.0, 0.0, 0.0, 0.0, 0.0, 0.0, 0.0, 0.0, 0.0, 0.0, 0.0, 0.0, 0.0, 0.0]
53:[0.0, 0.0, 0.4, 0.0, 0.4, 0.2, 0.0, 0.0, 0.0, 0.0, 0.0, 0.0, 0.0, 0.0, 0.0, 0.0, 0.0, 0.0, 0.0, 0.0]
54:[0.0, 0.0, 0.4, 0.0, 0.4, 0.2, 0.0, 0.0, 0.0, 0.0, 0.0, 0.0, 0.0, 0.0, 0.0, 0.0, 0.0, 0.0, 0.0, 0.0]
55:[0.25, 0.0, 0.5, 0.0, 0.0, 0.25, 0.0, 0.0, 0.0, 0.0, 0.0, 0.0, 0.0, 0.0, 0.0, 0.0, 0.0, 0.0, 0.0, 0.0]
56:[0.25, 0.0, 0.5, 0.0, 0.0, 0.25, 0.0, 0.0, 0.0, 0.0, 0.0, 0.0, 0.0, 0.0, 0.0, 0.0, 0.0, 0.0, 0.0, 0.0]
57:[0.25, 0.0, 0.5, 0.0, 0.0, 0.25, 0.0, 0.0, 0.0, 0.0, 0.0, 0.0, 0.0, 0.0, 0.0, 0.0, 0.0, 0.0, 0.0, 0.0]
58:[0.25, 0.0, 0.5, 0.0, 0.0, 0.25, 0.0, 0.0, 0.0, 0.0, 0.0, 0.0, 0.0, 0.0, 0.0, 0.0, 0.0, 0.0, 0.0, 0.0]
59:[0.25, 0.0, 0.5, 0.0, 0.0, 0.25, 0.0, 0.0, 0.0, 0.0, 0.0, 0.0, 0.0, 0.0, 0.0, 0.0, 0.0, 0.0, 0.0, 0.0]
60:[0.25, 0.0, 0.5, 0.0, 0.0, 0.25, 0.0, 0.0, 0.0, 0.0, 0.0, 0.0, 0.0, 0.0, 0.0, 0.0, 0.0, 0.0, 0.0, 0.0]
61:[0.3333333333333333, 0.0, 0.6666666666666666, 0.0, 0.0, 0.0, 0.0, 0.0, 0.0, 0.0, 0.0, 0.0, 0.0, 0.0, 0.0, 0.0, 0.0, 0.0, 0.0, 0.0]
62:[0.0625, 0.0, 0.3125, 0.0, 0.0, 0.0625, 0.0, 0.125, 0.0, 0.0, 0.0, 0.0, 0.0, 0.0, 0.0, 0.375, 0.0, 0.0, 0.0, 0.0625]
63:[0.125, 0.0, 0.625, 0.0, 0.0, 0.125, 0.0, 0.0, 0.0, 0.0, 0.0, 0.0, 0.0, 0.0, 0.0, 0.0, 0.0, 0.0, 0.0, 0.125]
64:[0.16666666666666666, 0.16666666666666666, 0.3333333333333333, 0.0, 0.0, 0.16666666666666666, 0.16666666666666666, 0.0, 0.0, 0.0, 0.0, 0.0, 0.0, 0.0, 0.0, 0.0, 0.0, 0.0, 0.0, 0.0]
65:[0.09090909090909091, 0.0, 0.45454545454545453, 0.0, 0.0, 0.18181818181818182, 0.09090909090909091, 0.0, 0.09090909090909091, 0.0, 0.0, 0.0, 0.0, 0.0, 0.0, 0.0, 0.0, 0.0, 0.0, 0.09090909090909091]
66:[0.14285714285714285, 0.14285714285714285, 0.2857142857142857, 0.0, 0.0, 0.14285714285714285, 0.14285714285714285, 0.0, 0.0, 0.0, 0.0, 0.0, 0.0, 0.0, 0.0, 0.0, 0.0, 0.0, 0.0, 0.14285714285714285]
67:[0.16666666666666666, 0.0, 0.3333333333333333, 0.0, 0.0, 0.16666666666666666, 0.16666666666666666, 0.0, 0.0, 0.0, 0.0, 0.0, 0.0, 0.0, 0.0, 0.0, 0.0, 0.0, 0.0, 0.16666666666666666]
68:[0.2, 0.0, 0.4, 0.0, 0.0, 0.0, 0.2, 0.0, 0.0, 0.0, 0.0, 0.0, 0.0, 0.0, 0.0, 0.0, 0.0, 0.0, 0.0, 0.2]
69:[0.25, 0.0, 0.25, 0.0, 0.0, 0.0, 0.25, 0.0, 0.0, 0.0, 0.0, 0.0, 0.0, 0.0, 0.0, 0.0, 0.0, 0.0, 0.0, 0.25]
70:[0.25, 0.0, 0.25, 0.0, 0.0, 0.0, 0.25, 0.0, 0.0, 0.0, 0.0, 0.0, 0.0, 0.0, 0.0, 0.0, 0.0, 0.0, 0.0, 0.25]
71:[0.25, 0.0, 0.25, 0.0, 0.0, 0.0, 0.25, 0.0, 0.0, 0.0, 0.0, 0.0, 0.0, 0.0, 0.0, 0.0, 0.0, 0.0, 0.0, 0.25]
72:[0.3333333333333333, 0.0, 0.3333333333333333, 0.0, 0.0, 0.0, 0.3333333333333333, 0.0, 0.0, 0.0, 0.0, 0.0, 0.0, 0.0, 0.0, 0.0, 0.0, 0.0, 0.0, 0.0]
73:[0.3333333333333333, 0.0, 0.3333333333333333, 0.0, 0.0, 0.0, 0.3333333333333333, 0.0, 0.0, 0.0, 0.0, 0.0, 0.0, 0.0, 0.0, 0.0, 0.0, 0.0, 0.0, 0.0]
74:[0.3333333333333333, 0.0, 0.3333333333333333, 0.0, 0.0, 0.0, 0.3333333333333333, 0.0, 0.0, 0.0, 0.0, 0.0, 0.0, 0.0, 0.0, 0.0, 0.0, 0.0, 0.0, 0.0]
75:[0.3333333333333333, 0.0, 0.3333333333333333, 0.0, 0.0, 0.0, 0.3333333333333333, 0.0, 0.0, 0.0, 0.0, 0.0, 0.0, 0.0, 0.0, 0.0, 0.0, 0.0, 0.0, 0.0]
76:[0.3333333333333333, 0.0, 0.3333333333333333, 0.0, 0.0, 0.0, 0.3333333333333333, 0.0, 0.0, 0.0, 0.0, 0.0, 0.0, 0.0, 0.0, 0.0, 0.0, 0.0, 0.0, 0.0]
77:[0.0, 0.0, 0.5, 0.0, 0.0, 0.0, 0.5, 0.0, 0.0, 0.0, 0.0, 0.0, 0.0, 0.0, 0.0, 0.0, 0.0, 0.0, 0.0, 0.0]
78:[0.0, 0.0, 0.5, 0.0, 0.0, 0.0, 0.5, 0.0, 0.0, 0.0, 0.0, 0.0, 0.0, 0.0, 0.0, 0.0, 0.0, 0.0, 0.0, 0.0]
79:[0.09090909090909091, 0.0, 0.09090909090909091, 0.18181818181818182, 0.0, 0.0, 0.6363636363636364, 0.0, 0.0, 0.0, 0.0, 0.0, 0.0, 0.0, 0.0, 0.0, 0.0, 0.0, 0.0, 0.0]
80:[0.16666666666666666, 0.0, 0.16666666666666666, 0.3333333333333333, 0.0, 0.0, 0.16666666666666666, 0.0, 0.0, 0.0, 0.0, 0.0, 0.0, 0.0, 0.16666666666666666, 0.0, 0.0, 0.0, 0.0, 0.0]
81:[0.16666666666666666, 0.0, 0.16666666666666666, 0.3333333333333333, 0.0, 0.0, 0.16666666666666666, 0.0, 0.0, 0.0, 0.16666666666666666, 0.0, 0.0, 0.0, 0.0, 0.0, 0.0, 0.0, 0.0, 0.0]
82:[0.2, 0.0, 0.2, 0.4, 0.0, 0.0, 0.2, 0.0, 0.0, 0.0, 0.0, 0.0, 0.0, 0.0, 0.0, 0.0, 0.0, 0.0, 0.0, 0.0]
83:[0.2, 0.0, 0.2, 0.4, 0.0, 0.0, 0.2, 0.0, 0.0, 0.0, 0.0, 0.0, 0.0, 0.0, 0.0, 0.0, 0.0, 0.0, 0.0, 0.0]
84:[0.3333333333333333, 0.0, 0.3333333333333333, 0.0, 0.0, 0.0, 0.3333333333333333, 0.0, 0.0, 0.0, 0.0, 0.0, 0.0, 0.0, 0.0, 0.0, 0.0, 0.0, 0.0, 0.0]
85:[0.3333333333333333, 0.0, 0.3333333333333333, 0.0, 0.0, 0.0, 0.3333333333333333, 0.0, 0.0, 0.0, 0.0, 0.0, 0.0, 0.0, 0.0, 0.0, 0.0, 0.0, 0.0, 0.0]
86:[0.07142857142857142, 0.0, 0.07142857142857142, 0.0, 0.0, 0.14285714285714285, 0.07142857142857142, 0.07142857142857142, 0.07142857142857142, 0.07142857142857142, 0.0, 0.0, 0.42857142857142855, 0.0, 0.0, 0.0, 0.0, 0.0, 0.0, 0.0]
87:[0.125, 0.0, 0.125, 0.0, 0.0, 0.25, 0.125, 0.125, 0.125, 0.125, 0.0, 0.0, 0.0, 0.0, 0.0, 0.0, 0.0, 0.0, 0.0, 0.0]
88:[0.16666666666666666, 0.0, 0.16666666666666666, 0.0, 0.0, 0.3333333333333333, 0.16666666666666666, 0.16666666666666666, 0.0, 0.0, 0.0, 0.0, 0.0, 0.0, 0.0, 0.0, 0.0, 0.0, 0.0, 0.0]
89:[0.2, 0.0, 0.2, 0.0, 0.2, 0.0, 0.2, 0.2, 0.0, 0.0, 0.0, 0.0, 0.0, 0.0, 0.0, 0.0, 0.0, 0.0, 0.0, 0.0]
90:[0.0, 0.0, 0.25, 0.0, 0.25, 0.0, 0.25, 0.25, 0.0, 0.0, 0.0, 0.0, 0.0, 0.0, 0.0, 0.0, 0.0, 0.0, 0.0, 0.0]
91:[0.25, 0.0, 0.25, 0.0, 0.25, 0.0, 0.0, 0.25, 0.0, 0.0, 0.0, 0.0, 0.0, 0.0, 0.0, 0.0, 0.0, 0.0, 0.0, 0.0]
92:[0.0, 0.0, 0.3333333333333333, 0.0, 0.0, 0.0, 0.3333333333333333, 0.3333333333333333, 0.0, 0.0, 0.0, 0.0, 0.0, 0.0, 0.0, 0.0, 0.0, 0.0, 0.0, 0.0]
93:[0.0, 0.0, 0.3333333333333333, 0.0, 0.0, 0.0, 0.3333333333333333, 0.3333333333333333, 0.0, 0.0, 0.0, 0.0, 0.0, 0.0, 0.0, 0.0, 0.0, 0.0, 0.0, 0.0]
94:[0.0, 0.0, 0.42857142857142855, 0.0, 0.0, 0.0, 0.07142857142857142, 0.07142857142857142, 0.0, 0.07142857142857142, 0.0, 0.35714285714285715, 0.0, 0.0, 0.0, 0.0, 0.0, 0.0, 0.0, 0.0]
95:[0.0, 0.0, 0.3333333333333333, 0.0, 0.0, 0.0, 0.3333333333333333, 0.3333333333333333, 0.0, 0.0, 0.0, 0.0, 0.0, 0.0, 0.0, 0.0, 0.0, 0.0, 0.0, 0.0]
96:[0.0, 0.0, 0.46153846153846156, 0.0, 0.0, 0.07692307692307693, 0.07692307692307693, 0.07692307692307693, 0.07692307692307693, 0.0, 0.0, 0.07692307692307693, 0.0, 0.0, 0.0, 0.07692307692307693, 0.0, 0.07692307692307693, 0.0, 0.0]
97:[0.0, 0.0, 0.08333333333333333, 0.0, 0.0, 0.0, 0.08333333333333333, 0.5, 0.08333333333333333, 0.0, 0.0, 0.08333333333333333, 0.0, 0.0, 0.0, 0.08333333333333333, 0.0, 0.08333333333333333, 0.0, 0.0]
98:[0.0, 0.0, 0.125, 0.0, 0.0, 0.125, 0.125, 0.125, 0.125, 0.0, 0.0, 0.125, 0.0, 0.0, 0.0, 0.125, 0.0, 0.125, 0.0, 0.0]
99:[0.0, 0.0, 0.16666666666666666, 0.0, 0.0, 0.16666666666666666, 0.16666666666666666, 0.16666666666666666, 0.16666666666666666, 0.0, 0.0, 0.16666666666666666, 0.0, 0.0, 0.0, 0.0, 0.0, 0.0, 0.0, 0.0]
100:[0.0, 0.0, 0.2, 0.0, 0.0, 0.0, 0.2, 0.2, 0.2, 0.0, 0.0, 0.2, 0.0, 0.0, 0.0, 0.0, 0.0, 0.0, 0.0, 0.0]
