1:[0.4444444444444444, 0.3333333333333333, 0.05555555555555555, 0.0, 0.16666666666666666]
2:[0.4444444444444444, 0.3333333333333333, 0.05555555555555555, 0.0, 0.16666666666666666]
3:[0.9090909090909091, 0.0, 0.09090909090909091, 0.0, 0.0]
4:[0.9090909090909091, 0.0, 0.09090909090909091, 0.0, 0.0]
5:[0.9090909090909091, 0.0, 0.09090909090909091, 0.0, 0.0]
6:[1.0, 0.0, 0.0, 0.0, 0.0]
7:[0.5714285714285714, 0.42857142857142855, 0.0, 0.0, 0.0]
8:[0.3333333333333333, 0.6666666666666666, 0.0, 0.0, 0.0]
9:[0.25, 0.75, 0.0, 0.0, 0.0]
10:[0.25, 0.75, 0.0, 0.0, 0.0]
11:[0.25, 0.75, 0.0, 0.0, 0.0]
12:[0.0, 1.0, 0.0, 0.0, 0.0]
13:[0.0, 1.0, 0.0, 0.0, 0.0]
14:[0.2, 0.2, 0.2, 0.2, 0.2]
15:[0.2, 0.2, 0.2, 0.2, 0.2]
16:[0.2, 0.2, 0.2, 0.2, 0.2]
17:[0.2, 0.2, 0.2, 0.2, 0.2]
18:[0.2, 0.2, 0.2, 0.2, 0.2]
19:[0.2, 0.2, 0.2, 0.2, 0.2]
20:[0.2, 0.2, 0.2, 0.2, 0.2]
21:[0.2, 0.2, 0.2, 0.2, 0.2]
22:[0.2, 0.2, 0.2, 0.2, 0.2]
23:[0.2, 0.2, 0.2, 0.2, 0.2]
24:[0.2, 0.2, 0.2, 0.2, 0.2]
25:[0.2, 0.2, 0.2, 0.2, 0.2]
26:[0.2, 0.2, 0.2, 0.2, 0.2]
27:[0.2, 0.2, 0.2, 0.2, 0.2]
28:[0.2, 0.2, 0.2, 0.2, 0.2]
29:[0.2, 0.2, 0.2, 0.2, 0.2]
30:[0.2, 0.2, 0.2, 0.2, 0.2]
31:[0.2, 0.2, 0.2, 0.2, 0.2]
32:[0.2, 0.2, 0.2, 0.2, 0.2]
33:[0.2, 0.2, 0.2, 0.2, 0.2]
34:[0.2, 0.2, 0.2, 0.2, 0.2]
35:[0.2, 0.2, 0.2, 0.2, 0.2]
36:[0.2, 0.2, 0.2, 0.2, 0.2]
37:[0.2, 0.2, 0.2, 0.2, 0.2]
38:[0.2, 0.2, 0.2, 0.2, 0.2]
39:[0.2, 0.2, 0.2, 0.2, 0.2]
40:[0.2, 0.2, 0.2, 0.2, 0.2]
41:[0.2, 0.2, 0.2, 0.2, 0.2]
42:[0.2, 0.2, 0.2, 0.2, 0.2]
43:[0.2, 0.2, 0.2, 0.2, 0.2]
44:[0.2, 0.2, 0.2, 0.2, 0.2]
45:[0.2, 0.2, 0.2, 0.2, 0.2]
46:[0.2, 0.2, 0.2, 0.2, 0.2]
47:[0.2, 0.2, 0.2, 0.2, 0.2]
48:[0.2, 0.2, 0.2, 0.2, 0.2]
49:[0.2, 0.2, 0.2, 0.2, 0.2]
50:[0.2, 0.2, 0.2, 0.2, 0.2]
51:[0.2, 0.2, 0.2, 0.2, 0.2]
52:[0.2, 0.2, 0.2, 0.2, 0.2]
53:[0.2, 0.2, 0.2, 0.2, 0.2]
54:[0.5, 0.0, 0.0, 0.5, 0.0]
55:[0.5, 0.0, 0.0, 0.5, 0.0]
56:[0.8, 0.0, 0.0, 0.2, 0.0]
57:[0.8, 0.0, 0.0, 0.2, 0.0]
58:[0.4, 0.5, 0.0, 0.1, 0.0]
59:[0.4444444444444444, 0.5555555555555556, 0.0, 0.0, 0.0]
60:[0.25, 0.625, 0.0, 0.125, 0.0]
61:[0.2857142857142857, 0.7142857142857143, 0.0, 0.0, 0.0]
62:[0.0, 1.0, 0.0, 0.0, 0.0]
63:[0.0, 1.0, 0.0, 0.0, 0.0]
64:[0.0, 1.0, 0.0, 0.0, 0.0]
65:[0.0, 1.0, 0.0, 0.0, 0.0]
66:[0.0, 1.0, 0.0, 0.0, 0.0]
67:[0.0, 1.0, 0.0, 0.0, 0.0]
68:[0.0, 1.0, 0.0, 0.0, 0.0]
69:[0.0, 1.0, 0.0, 0.0, 0.0]
70:[0.0, 1.0, 0.0, 0.0, 0.0]
71:[0.0, 1.0, 0.0, 0.0, 0.0]
72:[0.2, 0.2, 0.2, 0.2, 0.2]
73:[0.2, 0.2, 0.2, 0.2, 0.2]
74:[0.2, 0.2, 0.2, 0.2, 0.2]
75:[0.2, 0.2, 0.2, 0.2, 0.2]
76:[0.2, 0.2, 0.2, 0.2, 0.2]
77:[0.2, 0.2, 0.2, 0.2, 0.2]
78:[0.2, 0.2, 0.2, 0.2, 0.2]
79:[0.2, 0.2, 0.2, 0.2, 0.2]
80:[0.2, 0.2, 0.2, 0.2, 0.2]
81:[0.2, 0.2, 0.2, 0.2, 0.2]
82:[0.2, 0.2, 0.2, 0.2, 0.2]
83:[0.2, 0.2, 0.2, 0.2, 0.2]
84:[0.2, 0.2, 0.2, 0.2, 0.2]
85:[0.2, 0.2, 0.2, 0.2, 0.2]
86:[0.2, 0.2, 0.2, 0.2, 0.2]
87:[0.2, 0.2, 0.2, 0.2, 0.2]
88:[0.2, 0.2, 0.2, 0.2, 0.2]
89:[0.2, 0.2, 0.2, 0.2, 0.2]
90:[0.2, 0.2, 0.2, 0.2, 0.2]
91:[0.2, 0.2, 0.2, 0.2, 0.2]
92:[0.2, 0.2, 0.2, 0.2, 0.2]
93:[0.2, 0.2, 0.2, 0.2, 0.2]
94:[0.2, 0.2, 0.2, 0.2, 0.2]
95:[0.5, 0.0, 0.0, 0.5, 0.0]
96:[0.6666666666666666, 0.0, 0.0, 0.3333333333333333, 0.0]
97:[0.5, 0.25, 0.0, 0.25, 0.0]
98:[0.5, 0.25, 0.0, 0.25, 0.0]
99:[0.4, 0.4, 0.0, 0.2, 0.0]
100:[0.4, 0.4, 0.0, 0.2, 0.0]
